#Each entry contains the duration of a syllable (in seconds), an optional label, and a pitch time series.
0.12322077420583472	2Y
Time_s   F0_Hz
0.271973   221.014493
0.286973   222.189531
0.301973   228.393217
0.316973   235.603783
0.331973   239.710473
0.346973   247.201469
0.361973   258.272658
0.376973   260.941836
0.391973   263.886403
END PITCH
0.16194730324195417	3Y
Time_s   F0_Hz
0.399558   270.382738
0.414558   282.094177
0.429558   284.106199
0.444558   279.251955
0.459558   276.256665
0.474558   273.355711
0.489558   268.029008
0.504558   257.460798
0.519558   249.131465
0.534558   248.872377
0.549558   245.681246
END PITCH
0.05985009032854827	3Y
Time_s   F0_Hz
0.562965   236.756491
0.577965   230.824266
0.592965   227.367191
0.607965   226.603100
END PITCH
0.2041944258268118	4Y
Time_s   F0_Hz
0.619994   229.155576
0.634994   234.054751
0.649994   237.219060
0.664994   240.226959
0.679994   241.907131
0.694994   242.467698
0.709994   241.730521
0.724994   239.345873
0.739994   237.039832
0.754994   236.553106
0.769994   236.241493
0.784994   235.630621
0.799994   236.162022
0.814994   235.597244
END PITCH
0.37237137744690674	2N
Time_s   F0_Hz
0.825771   232.681454
0.840771   247.905723
0.855771   --undefined--
0.870771   --undefined--
0.885771   228.711667
0.900771   221.530196
0.915771   212.949506
0.930771   211.023622
0.945771   210.518529
0.960771   208.767591
0.975771   207.779956
0.990771   206.932198
1.005771   207.472389
1.020771   208.898128
1.035771   210.903563
1.050771   212.814066
1.065771   215.297194
1.080771   218.331407
1.095771   222.463905
1.110771   230.786141
1.125771   234.599371
1.140771   236.665538
1.155771   241.647185
1.170771   240.590749
1.185771   237.903192
END PITCH
0.1838824032537183	1Y
Time_s   F0_Hz
1.193900   236.049142
1.208900   233.640804
1.223900   243.294455
1.238900   --undefined--
1.253900   --undefined--
1.268900   --undefined--
1.283900   --undefined--
1.298900   --undefined--
1.313900   --undefined--
1.328900   287.831892
1.343900   283.027208
1.358900   277.124251
1.373900   265.690494
END PITCH
0.22140833647160818	4Y
Time_s   F0_Hz
1.381553   263.868097
1.396553   277.300056
1.411553   291.612888
1.426553   284.654912
1.441553   275.868561
1.456553   262.886732
1.471553   255.849181
1.486553   248.124910
1.501553   238.238321
1.516553   231.001884
1.531553   226.091677
1.546553   222.341953
1.561553   221.831032
1.576553   213.961386
1.591553   217.941797
END PITCH
0.3450181677763373	2Y
Time_s   F0_Hz
1.597262   110.832557
1.612262   111.840915
1.627262   --undefined--
1.642262   --undefined--
1.657262   --undefined--
1.672262   --undefined--
1.687262   --undefined--
1.702262   --undefined--
1.717262   160.757131
1.732262   160.916010
1.747262   162.804723
1.762262   162.764894
1.777262   164.398940
1.792262   167.509587
1.807262   174.079956
1.822262   180.760749
1.837262   184.895640
1.852262   185.750654
1.867262   189.823406
1.882262   195.374098
1.897262   200.933751
1.912262   204.746672
1.927262   205.076166
1.942262   214.784100
END PITCH
0.21123561292428783	4Y
Time_s   F0_Hz
1.942880   215.185987
1.957880   228.169540
1.972880   235.764709
1.987880   240.042738
2.002880   237.991100
2.017880   234.473681
2.032880   232.633914
2.047880   229.416419
2.062880   224.654585
2.077880   219.261663
2.092880   216.842219
2.107880   217.144321
2.122880   215.455734
2.137880   214.260421
2.152880   214.380919
END PITCH
0.15890995219770687	4Y
Time_s   F0_Hz
2.157948   215.174411
2.172948   220.526157
2.187948   229.645823
2.202948   237.038642
2.217948   242.041589
2.232948   245.745820
2.247948   245.858217
2.262948   244.003371
2.277948   240.272907
2.292948   235.076828
2.307948   232.611199
END PITCH
0.27060246074834593	2N
Time_s   F0_Hz
2.312710   233.411122
2.327710   234.285021
2.342710   234.863393
2.357710   --undefined--
2.372710   --undefined--
2.387710   --undefined--
2.402710   --undefined--
2.417710   211.601842
2.432710   200.132643
2.447710   195.269327
2.462710   190.482587
2.477710   189.153008
2.492710   189.462116
2.507710   188.951586
2.522710   190.638083
2.537710   196.844650
2.552710   207.459802
2.567710   218.439166
2.582710   223.412380
END PITCH
0.16474651721783662	4Y
Time_s   F0_Hz
2.590385   233.551677
2.605385   245.885322
2.620385   254.796237
2.635385   262.405239
2.650385   261.760188
2.665385   259.599890
2.680385   254.364047
2.695385   245.914763
2.710385   233.086696
2.725385   224.332409
2.740385   213.308717
END PITCH
0.08317923271162941	5Y
Time_s   F0_Hz
2.751842   --undefined--
2.766842   --undefined--
2.781842   --undefined--
2.796842   --undefined--
2.811842   --undefined--
2.826842   194.103691
END PITCH
0.24996214196040745	4Y
Time_s   F0_Hz
2.835918   203.212440
2.850918   204.597731
2.865918   203.275634
2.880918   206.632802
2.895918   207.245076
2.910918   203.924109
2.925918   199.130998
2.940918   195.196233
2.955918   193.070702
2.970918   193.984184
2.985918   190.066177
3.000918   186.915284
3.015918   187.268995
3.030918   186.280465
3.045918   190.482694
3.060918   193.591771
3.075918   191.440625
END PITCH
0.17250908388816866	3Y
Time_s   F0_Hz
3.084654   189.668800
3.099654   191.216511
3.114654   --undefined--
3.129654   --undefined--
3.144654   --undefined--
3.159654   --undefined--
3.174654   --undefined--
3.189654   --undefined--
3.204654   --undefined--
3.219654   --undefined--
3.234654   --undefined--
3.249654   --undefined--
END PITCH
0.12237986973764814	2N
Time_s   F0_Hz
3.254592   --undefined--
3.269592   --undefined--
3.284592   --undefined--
3.299592   --undefined--
3.314592   --undefined--
3.329592   --undefined--
3.344592   --undefined--
3.359592   --undefined--
3.374592   --undefined--
END PITCH
0.14082374194952552	3Y
Time_s   F0_Hz
3.378702   --undefined--
3.393702   96.948518
3.408702   96.837880
3.423702   94.996184
3.438702   94.592931
3.453702   93.576600
3.468702   92.625447
3.483702   93.556248
3.498702   95.369433
3.513702   96.708009
END PITCH
0.06689127742602441	1Y
Time_s   F0_Hz
3.520068   96.883579
3.535068   96.459139
3.550068   --undefined--
3.565068   --undefined--
3.580068   221.064011
END PITCH
0.28045120173675553	4Y
Time_s   F0_Hz
3.588741   219.084345
3.603741   219.270842
3.618741   219.621651
3.633741   219.620523
3.648741   218.870907
3.663741   214.294866
3.678741   210.751335
3.693741   208.299101
3.708741   205.238253
3.723741   199.586512
3.738741   191.536186
3.753741   189.521581
3.768741   188.397993
3.783741   183.772013
3.798741   179.264993
3.813741   --undefined--
3.828741   --undefined--
3.843741   98.160002
3.858741   97.214366
END PITCH
0.20187011444036917	1Y
Time_s   F0_Hz
3.867398   95.701755
3.882398   --undefined--
3.897398   --undefined--
3.912398   206.218533
3.927398   204.359653
3.942398   203.797853
3.957398   201.742596
3.972398   200.514565
3.987398   202.336893
4.002398   206.337961
4.017398   210.558845
4.032398   212.729587
4.047398   209.851724
4.062398   207.963875
END PITCH
0.3696623226175042	2N
Time_s   F0_Hz
4.070658   207.362995
4.085658   210.833618
4.100658   220.565817
4.115658   213.369697
4.130658   --undefined--
4.145658   --undefined--
4.160658   --undefined--
4.175658   205.283483
4.190658   194.362776
4.205658   186.816994
4.220658   183.252955
4.235658   181.578288
4.250658   176.441393
4.265658   173.808187
4.280658   174.225589
4.295658   175.403713
4.310658   180.721999
4.325658   187.383050
4.340658   191.147436
4.355658   192.738045
4.370658   193.804290
4.385658   195.278542
4.400658   198.792818
4.415658   201.717174
4.430658   195.693761
END PITCH
0.18047241598781483	4Y
Time_s   F0_Hz
5.299717   --undefined--
5.314717   --undefined--
5.329717   --undefined--
5.344717   --undefined--
5.359717   --undefined--
5.374717   250.122909
5.389717   243.118671
5.404717   238.320298
5.419717   232.993836
5.434717   227.842839
5.449717   218.512062
5.464717   214.043436
5.479717   218.887575
END PITCH
0.2314921124439575	3Y
Time_s   F0_Hz
5.483203   217.492204
5.498203   --undefined--
5.513203   --undefined--
5.528203   --undefined--
5.543203   213.587914
5.558203   199.177195
5.573203   188.366977
5.588203   182.674866
5.603203   181.621065
5.618203   179.814997
5.633203   180.198842
5.648203   183.840898
5.663203   189.342915
5.678203   193.615074
5.693203   198.831361
5.708203   205.079887
END PITCH
0.14428925226885347	3Y
Time_s   F0_Hz
5.716094   208.317857
5.731094   212.830015
5.746094   215.262238
5.761094   212.404334
5.776094   204.712194
5.791094   192.391889
5.806094   --undefined--
5.821094   --undefined--
5.836094   --undefined--
5.851094   --undefined--
END PITCH
0.2499621419604079	4Y
Time_s   F0_Hz
5.860714   --undefined--
5.875714   --undefined--
5.890714   --undefined--
5.905714   --undefined--
5.920714   --undefined--
5.935714   --undefined--
5.950714   --undefined--
5.965714   247.545372
5.980714   241.331767
5.995714   233.279788
6.010714   226.148072
6.025714   218.719813
6.040714   218.182944
6.055714   222.997993
6.070714   228.343320
6.085714   229.784921
6.100714   231.072451
END PITCH
0.254256493326781	4N
Time_s   F0_Hz
6.112823   233.755977
6.127823   231.029560
6.142823   --undefined--
6.157823   --undefined--
6.172823   --undefined--
6.187823   201.698553
6.202823   199.234941
6.217823   192.846815
6.232823   184.045176
6.247823   177.679931
6.262823   161.700674
6.277823   150.845756
6.292823   --undefined--
6.307823   --undefined--
6.322823   --undefined--
6.337823   --undefined--
6.352823   --undefined--
END PITCH
0.17877651316800947	2N
Time_s   F0_Hz
6.366842   --undefined--
6.381842   --undefined--
6.396842   --undefined--
6.411842   --undefined--
6.426842   --undefined--
6.441842   --undefined--
6.456842   --undefined--
6.471842   --undefined--
6.486842   153.929528
6.501842   144.490144
6.516842   146.131508
6.531842   155.002386
END PITCH
0.3172234868319901	4Y
Time_s   F0_Hz
6.539847   160.579514
6.554847   172.681767
6.569847   187.808635
6.584847   194.782060
6.599847   198.211704
6.614847   199.940843
6.629847   202.737599
6.644847   203.372097
6.659847   201.187680
6.674847   200.158037
6.689847   197.375476
6.704847   194.161545
6.719847   192.264738
6.734847   191.420035
6.749847   187.797844
6.764847   178.868272
6.779847   168.939916
6.794847   --undefined--
6.809847   --undefined--
6.824847   --undefined--
6.839847   --undefined--
6.854847   --undefined--
END PITCH
0.28366531270987316	3N
Time_s   F0_Hz
6.862789   --undefined--
6.877789   --undefined--
6.892789   --undefined--
6.907789   --undefined--
6.922789   --undefined--
6.937789   --undefined--
6.952789   --undefined--
6.967789   --undefined--
6.982789   --undefined--
6.997789   --undefined--
7.012789   83.150055
7.027789   85.732432
7.042789   90.068073
7.057789   93.284974
7.072789   95.021530
7.087789   --undefined--
7.102789   --undefined--
7.117789   --undefined--
7.132789   --undefined--
END PITCH
0.13026196130331158	4Y
Time_s   F0_Hz
7.144751   --undefined--
7.159751   --undefined--
7.174751   --undefined--
7.189751   218.178309
7.204751   212.205023
7.219751   207.449866
7.234751   202.865282
7.249751   198.737391
7.264751   197.901064
END PITCH
0.16546789679069285	3Y
Time_s   F0_Hz
7.270119   200.312257
7.285119   199.689514
7.300119   --undefined--
7.315119   --undefined--
7.330119   --undefined--
7.345119   192.180870
7.360119   175.736100
7.375119   160.101862
7.390119   157.677489
7.405119   148.755932
7.420119   148.099731
7.435119   152.216597
END PITCH
0.14786492904700133	1Y
Time_s   F0_Hz
7.441786   --undefined--
7.456786   --undefined--
7.471786   --undefined--
7.486786   --undefined--
7.501786   241.383698
7.516786   241.903003
7.531786   258.262770
7.546786   276.423756
7.561786   276.759138
7.576786   272.549469
END PITCH
0.22179739357050288	4Y
Time_s   F0_Hz
7.589116   266.632649
7.604116   265.932258
7.619116   261.438894
7.634116   --undefined--
7.649116   --undefined--
7.664116   278.296055
7.679116   270.432485
7.694116   251.540479
7.709116   236.512884
7.724116   218.123075
7.739116   197.914913
7.754116   188.758360
7.769116   185.867146
7.784116   187.634837
7.799116   196.984478
END PITCH
0.19363264518059697	4N
Time_s   F0_Hz
7.811825   200.286721
7.826825   196.049584
7.841825   192.448998
7.856825   204.045263
7.871825   --undefined--
7.886825   --undefined--
7.901825   --undefined--
7.916825   --undefined--
7.931825   141.391017
7.946825   140.212438
7.961825   --undefined--
7.976825   --undefined--
7.991825   --undefined--
END PITCH
0.14399999999999835	4Y
Time_s   F0_Hz
8.348464   --undefined--
8.363464   --undefined--
8.378464   --undefined--
8.393464   210.103359
8.408464   202.400759
8.423464   200.762147
8.438464   199.749238
8.453464   195.663587
8.468464   192.976187
8.483464   195.152251
END PITCH
0.14306975153303725	4Y
Time_s   F0_Hz
8.491990   --undefined--
8.506990   --undefined--
8.521990   223.785878
8.536990   219.014502
8.551990   211.862413
8.566990   204.128749
8.581990   196.122586
8.596990   190.010380
8.611990   186.928778
8.626990   183.248075
END PITCH
0.03872652903612028	2Y
Time_s   F0_Hz
8.635385   181.962668
8.650385   186.464399
8.665385   190.980437
END PITCH
0.15138552259573856	4Y
Time_s   F0_Hz
8.670442   191.549138
8.685442   192.158440
8.700442   187.760551
8.715442   190.529706
8.730442   --undefined--
8.745442   224.102991
8.760442   210.148722
8.775442   197.574884
8.790442   186.313493
8.805442   --undefined--
8.820442   --undefined--
END PITCH
0.16722819356506236	1N
Time_s   F0_Hz
8.822251   --undefined--
8.837251   --undefined--
8.852251   --undefined--
8.867251   --undefined--
8.882251   205.096885
8.897251   208.191986
8.912251   208.821050
8.927251   209.538727
8.942251   210.402526
8.957251   211.215321
8.972251   210.702151
8.987251   209.478622
END PITCH
0.16370760001632334	1Y
Time_s   F0_Hz
8.995215   209.613938
9.010215   210.071050
9.025215   209.313653
9.040215   207.222495
9.055215   205.187521
9.070215   204.054448
9.085215   204.114559
9.100215   204.744596
9.115215   207.174446
9.130215   209.955686
9.145215   208.896317
END PITCH
0.3203740129351704	1Y
Time_s   F0_Hz
9.154756   206.825590
9.169756   205.069763
9.184756   210.934743
9.199756   210.005389
9.214756   --undefined--
9.229756   --undefined--
9.244756   237.253913
9.259756   230.571211
9.274756   224.529080
9.289756   218.613680
9.304756   216.264777
9.319756   215.618664
9.334756   214.138145
9.349756   212.085136
9.364756   208.564653
9.379756   203.045355
9.394756   196.821985
9.409756   --undefined--
9.424756   --undefined--
9.439756   --undefined--
9.454756   --undefined--
9.469756   --undefined--
END PITCH
0.13676702256397455	4Y
Time_s   F0_Hz
9.600074   --undefined--
9.615074   --undefined--
9.630074   --undefined--
9.645074   201.534298
9.660074   192.878564
9.675074   188.542564
9.690074   189.050617
9.705074   190.882862
9.720074   189.794296
9.735074   188.598675
END PITCH
0.09523577255118276	3Y
Time_s   F0_Hz
9.738583   188.476077
9.753583   --undefined--
9.768583   --undefined--
9.783583   --undefined--
9.798583   207.053964
9.813583   196.918253
9.828583   189.775366
END PITCH
0.1443443354982641	5Y
Time_s   F0_Hz
9.835867   186.384491
9.850867   176.912500
9.865867   164.782944
9.880867   157.922206
9.895867   --undefined--
9.910867   --undefined--
9.925867   --undefined--
9.940867   --undefined--
9.955867   --undefined--
9.970867   --undefined--
END PITCH
0.2517224387347756	4Y
Time_s   F0_Hz
9.981395   198.983158
9.996395   194.379719
10.011395   --undefined--
10.026395   --undefined--
10.041395   162.436360
10.056395   169.551123
10.071395   169.394199
10.086395   167.719479
10.101395   161.533876
10.116395   150.341382
10.131395   140.734327
10.146395   --undefined--
10.161395   --undefined--
10.176395   --undefined--
10.191395   --undefined--
10.206395   --undefined--
10.221395   --undefined--
END PITCH
0.16722819356506058	5Y
Time_s   F0_Hz
10.228373   --undefined--
10.243373   --undefined--
10.258373   --undefined--
10.273373   --undefined--
10.288373   --undefined--
10.303373   --undefined--
10.318373   233.188255
10.333373   229.996621
10.348373   229.805558
10.363373   230.845092
10.378373   239.411410
10.393373   244.144861
END PITCH
