#Each entry contains the duration of a syllable (in seconds), an optional label, and a pitch time series.
0.22647182424195944	3Y
Time_s   F0_Hz
0.105312   --undefined--
0.120312   222.891872
0.135312   --undefined--
0.150312   --undefined--
0.165312   --undefined--
0.180312   163.466665
0.195312   174.136186
0.210312   180.503509
0.225312   180.620647
0.240312   179.106203
0.255312   177.494362
0.270312   176.600652
0.285312   174.508806
0.300312   171.056950
0.315312   168.492356
0.330312   170.428136
END PITCH
0.2142959197128218	3Y
Time_s   F0_Hz
0.333197   171.546381
0.348197   171.153462
0.363197   170.110659
0.378197   --undefined--
0.393197   --undefined--
0.408197   --undefined--
0.423197   --undefined--
0.438197   --undefined--
0.453197   196.590823
0.468197   212.118111
0.483197   221.224912
0.498197   223.707598
0.513197   225.488570
0.528197   229.664218
0.543197   234.586135
END PITCH
0.563333629926456	5Y
Time_s   F0_Hz
0.549518   234.927781
0.564518   232.990047
0.579518   229.273059
0.594518   225.527094
0.609518   221.337147
0.624518   216.389294
0.639518   207.010445
0.654518   191.562163
0.669518   181.462563
0.684518   175.324313
0.699518   170.298461
0.714518   165.342574
0.729518   159.917080
0.744518   157.698851
0.759518   153.041445
0.774518   150.210035
0.789518   148.630471
0.804518   148.546140
0.819518   147.216863
0.834518   145.149938
0.849518   144.362271
0.864518   143.408064
0.879518   142.508997
0.894518   141.062798
0.909518   137.909494
0.924518   134.905767
0.939518   134.207505
0.954518   132.625763
0.969518   130.503430
0.984518   128.558042
0.999518   --undefined--
1.014518   --undefined--
1.029518   --undefined--
1.044518   --undefined--
1.059518   183.258733
1.074518   177.910608
1.089518   --undefined--
1.104518   --undefined--
END PITCH
0.24	2N
Time_s   F0_Hz
1.459671   --undefined--
1.474671   --undefined--
1.489671   --undefined--
1.504671   --undefined--
1.519671   --undefined--
1.534671   --undefined--
1.549671   163.691858
1.564671   163.483753
1.579671   166.836813
1.594671   168.599191
1.609671   171.988396
1.624671   177.096645
1.639671   185.335272
1.654671   193.888462
1.669671   199.077706
1.684671   194.205703
END PITCH
0.27607772882926507	4N
Time_s   F0_Hz
1.687710   194.187132
1.702710   226.232728
1.717710   229.155449
1.732710   229.423687
1.747710   226.402408
1.762710   221.495383
1.777710   215.759921
1.792710   208.723282
1.807710   194.918281
1.822710   185.129993
1.837710   178.008858
1.852710   171.336663
1.867710   164.323684
1.882710   160.352259
1.897710   159.349445
1.912710   158.348160
1.927710   156.597616
1.942710   156.624756
1.957710   --undefined--
END PITCH
0.44882469387717916	4Y
Time_s   F0_Hz
1.967659   --undefined--
1.982659   --undefined--
1.997659   --undefined--
2.012659   --undefined--
2.027659   --undefined--
2.042659   --undefined--
2.057659   --undefined--
2.072659   212.705553
2.087659   206.605198
2.102659   200.710038
2.117659   194.399426
2.132659   187.268753
2.147659   181.647812
2.162659   177.330709
2.177659   173.323327
2.192659   168.053488
2.207659   161.318226
2.222659   156.750830
2.237659   153.170238
2.252659   149.536300
2.267659   145.017673
2.282659   140.332045
2.297659   --undefined--
2.312659   --undefined--
2.327659   73.527348
2.342659   72.571508
2.357659   72.765594
2.372659   --undefined--
2.387659   --undefined--
2.402659   188.015276
END PITCH
0.24167483516463495	1N
Time_s   F0_Hz
2.583039   --undefined--
2.598039   --undefined--
2.613039   --undefined--
2.628039   --undefined--
2.643039   --undefined--
2.658039   --undefined--
2.673039   --undefined--
2.688039   --undefined--
2.703039   240.288210
2.718039   236.692809
2.733039   229.658935
2.748039   224.872515
2.763039   224.225084
2.778039   224.514097
2.793039   222.421449
2.808039   220.566424
2.823039   224.840798
END PITCH
0.13378428375185125	1Y
Time_s   F0_Hz
2.830771   229.866314
2.845771   235.493490
2.860771   224.344740
2.875771   --undefined--
2.890771   --undefined--
2.905771   260.858548
2.920771   239.333630
2.935771   219.685924
2.950771   206.634992
END PITCH
0.39703722919904294	2N
Time_s   F0_Hz
2.961179   198.573446
2.976179   195.212322
2.991179   184.593846
3.006179   167.980217
3.021179   156.846617
3.036179   150.206964
3.051179   147.312103
3.066179   145.016658
3.081179   144.107720
3.096179   144.232120
3.111179   146.035087
3.126179   148.908275
3.141179   154.336064
3.156179   161.795937
3.171179   169.319164
3.186179   176.055026
3.201179   179.682940
3.216179   183.369928
3.231179   188.042203
3.246179   194.939341
3.261179   201.292102
3.276179   207.270061
3.291179   207.545878
3.306179   207.124401
3.321179   --undefined--
3.336179   --undefined--
3.351179   --undefined--
END PITCH
0.10230138360025398	4Y
Time_s   F0_Hz
3.616066   --undefined--
3.631066   209.371338
3.646066   202.379682
3.661066   192.455431
3.676066   175.062635
3.691066   154.437736
3.706066   151.753334
END PITCH
0.06574988445734276	2Y
Time_s   F0_Hz
3.715102   156.688240
3.730102   166.536928
3.745102   172.601302
3.760102   180.375660
3.775102   177.703072
END PITCH
0.15828675887878907	3Y
Time_s   F0_Hz
3.782120   175.681363
3.797120   181.176259
3.812120   179.765602
3.827120   --undefined--
3.842120   --undefined--
3.857120   --undefined--
3.872120   169.820881
3.887120   172.660662
3.902120   170.360435
3.917120   161.719989
3.932120   152.423724
END PITCH
0.30841740062744316	4Y
Time_s   F0_Hz
3.940465   153.186136
3.955465   163.592030
3.970465   173.455949
3.985465   182.200126
4.000465   190.476949
4.015465   197.377345
4.030465   206.887920
4.045465   211.658094
4.060465   211.312539
4.075465   206.206132
4.090465   198.169076
4.105465   189.167241
4.120465   178.292566
4.135465   168.920629
4.150465   162.525473
4.165465   163.798812
4.180465   172.236784
4.195465   175.689892
4.210465   175.353472
4.225465   170.920027
4.240465   --undefined--
END PITCH
0.1287609413449715	2N
Time_s   F0_Hz
4.569059   --undefined--
4.584059   --undefined--
4.599059   --undefined--
4.614059   --undefined--
4.629059   211.975647
4.644059   199.978312
4.659059   179.283030
4.674059   175.306263
4.689059   176.171962
END PITCH
0.07792578898648106	2Y
Time_s   F0_Hz
4.694904   178.667360
4.709904   186.787768
4.724904   191.422493
4.739904   195.944470
4.754904   201.999262
4.769904   206.032202
END PITCH
0.15585157797296123	3Y
Time_s   F0_Hz
4.774286   205.464640
4.789286   203.191011
4.804286   202.372677
4.819286   203.321489
4.834286   --undefined--
4.849286   210.691161
4.864286   212.202366
4.879286   208.398685
4.894286   196.740074
4.909286   188.263753
4.924286   187.455839
END PITCH
0.22647182424195922	4Y
Time_s   F0_Hz
4.927954   187.541836
4.942954   190.189642
4.957954   196.598293
4.972954   203.655676
4.987954   205.545015
5.002954   210.423140
5.017954   207.630591
5.032954   203.107940
5.047954   197.877528
5.062954   192.444862
5.077954   184.688674
5.092954   177.087379
5.107954   170.317112
5.122954   165.280634
5.137954   161.117763
5.152954   163.670028
END PITCH
0.16298986745362676	2Y
Time_s   F0_Hz
5.160181   168.068927
5.175181   172.027239
5.190181   --undefined--
5.205181   --undefined--
5.220181   --undefined--
5.235181   --undefined--
5.250181   171.833510
5.265181   171.819143
5.280181   171.108418
5.295181   169.302149
5.310181   170.040827
END PITCH
0.10000967037574515	1Y
Time_s   F0_Hz
5.321678   179.073928
5.336678   190.930117
5.351678   199.514562
5.366678   199.072052
5.381678   194.181766
5.396678   192.265234
5.411678   190.112060
END PITCH
0.15341639706713384	4Y
Time_s   F0_Hz
5.418390   188.487185
5.433390   187.337748
5.448390   --undefined--
5.463390   194.656516
5.478390   196.547930
5.493390   196.065923
5.508390   194.413974
5.523390   194.014423
5.538390   194.389347
5.553390   193.322377
5.568390   198.795285
END PITCH
0.14611085434965077	4Y
Time_s   F0_Hz
5.575652   196.887371
5.590652   205.374607
5.605652   210.689491
5.620652   209.395881
5.635652   207.906065
5.650652   204.780796
5.665652   197.587870
5.680652   190.779789
5.695652   184.662595
5.710652   189.245922
END PITCH
0.4324630782074701	3Y
Time_s   F0_Hz
5.722449   193.910476
5.737449   181.464911
5.752449   183.915846
5.767449   190.138428
5.782449   190.620018
5.797449   196.465537
5.812449   --undefined--
5.827449   --undefined--
5.842449   --undefined--
5.857449   --undefined--
5.872449   --undefined--
5.887449   --undefined--
5.902449   --undefined--
5.917449   --undefined--
5.932449   --undefined--
5.947449   --undefined--
5.962449   --undefined--
5.977449   --undefined--
5.992449   111.269400
6.007449   114.860529
6.022449   119.337107
6.037449   119.481905
6.052449   117.130810
6.067449   110.943719
6.082449   113.628856
6.097449   --undefined--
6.112449   --undefined--
6.127449   160.519617
6.142449   147.595658
END PITCH
0.13082749201640276	2N
Time_s   F0_Hz
6.970091   --undefined--
6.985091   158.035067
7.000091   156.471673
7.015091   153.888442
7.030091   149.622460
7.045091   153.209753
7.060091   158.874464
7.075091   151.328329
7.090091   151.600627
END PITCH
0.1631571206904434	4Y
Time_s   F0_Hz
7.102086   --undefined--
7.117086   --undefined--
7.132086   174.842461
7.147086   198.270725
7.162086   200.127368
7.177086   191.141934
7.192086   180.715028
7.207086   175.582036
7.222086   170.011196
7.237086   165.819411
7.252086   161.771686
END PITCH
0.29801538729315435	5Y
Time_s   F0_Hz
7.265164   165.052757
7.280164   163.823636
7.295164   160.687831
7.310164   159.756978
7.325164   159.650867
7.340164   153.042522
7.355164   151.037583
7.370164   150.300084
7.385164   148.602507
7.400164   145.808796
7.415164   142.891624
7.430164   140.405792
7.445164   138.521573
7.460164   141.842361
7.475164   148.257413
7.490164   155.213748
7.505164   164.728074
7.520164   169.351020
7.535164   166.181098
7.550164   --undefined--
END PITCH
0.17181945179196312	4Y
Time_s   F0_Hz
8.328078   --undefined--
8.343078   --undefined--
8.358078   188.434716
8.373078   181.041708
8.388078   177.339445
8.403078   171.725509
8.418078   167.729086
8.433078   165.633144
8.448078   166.651727
8.463078   166.659121
8.478078   163.663964
8.493078   166.715513
END PITCH
0.7402949953715652	4Y
Time_s   F0_Hz
8.499133   172.987678
8.514133   --undefined--
8.529133   --undefined--
8.544133   --undefined--
8.559133   175.388023
8.574133   172.258896
8.589133   170.704508
8.604133   168.291999
8.619133   165.218266
8.634133   162.407670
8.649133   161.598288
8.664133   160.686093
8.679133   158.695154
8.694133   156.492555
8.709133   154.747425
8.724133   153.890804
8.739133   152.782356
8.754133   151.760829
8.769133   151.122660
8.784133   150.043392
8.799133   148.887545
8.814133   147.599950
8.829133   146.383349
8.844133   144.984060
8.859133   142.243419
8.874133   138.089452
8.889133   137.139577
8.904133   136.858293
8.919133   135.457131
8.934133   133.303433
8.949133   131.283247
8.964133   130.200391
8.979133   129.600368
8.994133   128.427390
9.009133   126.701445
9.024133   124.807586
9.039133   124.223938
9.054133   123.121927
9.069133   121.578969
9.084133   118.751708
9.099133   116.974935
9.114133   114.678056
9.129133   112.862212
9.144133   --undefined--
9.159133   --undefined--
9.174133   --undefined--
9.189133   --undefined--
9.204133   --undefined--
9.219133   --undefined--
9.234133   --undefined--
END PITCH
0.2264718242419601	4Y
Time_s   F0_Hz
9.465142   --undefined--
9.480142   --undefined--
9.495142   --undefined--
9.510142   --undefined--
9.525142   --undefined--
9.540142   --undefined--
9.555142   184.735468
9.570142   178.212302
9.585142   172.528120
9.600142   166.036247
9.615142   158.364459
9.630142   153.199442
9.645142   150.040237
9.660142   149.988877
9.675142   152.259632
9.690142   153.524448
END PITCH
0.31380080708711056	1N
Time_s   F0_Hz
9.697778   --undefined--
9.712778   --undefined--
9.727778   --undefined--
9.742778   --undefined--
9.757778   --undefined--
9.772778   --undefined--
9.787778   --undefined--
9.802778   --undefined--
9.817778   --undefined--
9.832778   --undefined--
9.847778   --undefined--
9.862778   --undefined--
9.877778   223.017212
9.892778   220.155654
9.907778   214.210331
9.922778   206.128445
9.937778   198.890569
9.952778   197.774869
9.967778   198.826614
9.982778   203.555889
9.997778   204.890067
END PITCH
0.10017994690356602	1N
Time_s   F0_Hz
10.009762   207.238388
10.024762   208.384279
10.039762   202.344735
10.054762   189.653389
10.069762   183.879283
10.084762   176.047281
10.099762   169.479598
END PITCH
0.18782005309643424	2N
Time_s   F0_Hz
10.108764   167.512206
10.123764   159.261981
10.138764   156.177254
10.153764   155.804023
10.168764   158.748940
10.183764   165.762821
10.198764   173.682897
10.213764   181.382132
10.228764   186.715097
10.243764   190.901569
10.258764   192.409225
10.273764   185.654814
10.288764   185.573686
END PITCH
0.3200000000000003	1N
Time_s   F0_Hz
10.295176   --undefined--
10.310176   187.774115
10.325176   --undefined--
10.340176   230.441918
10.355176   228.898969
10.370176   229.516127
10.385176   230.441282
10.400176   225.468514
10.415176   222.955901
10.430176   224.654052
10.445176   224.663124
10.460176   223.763593
10.475176   221.818268
10.490176   220.100818
10.505176   218.371494
10.520176   217.701326
10.535176   217.277340
10.550176   220.055395
10.565176   222.154026
10.580176   219.064878
10.595176   214.110930
10.610176   209.914980
END PITCH
0.20325277140520193	4Y
Time_s   F0_Hz
10.616797   206.084868
10.631797   215.293380
10.646797   212.807477
10.661797   203.919879
10.676797   194.427707
10.691797   189.102309
10.706797   181.208572
10.721797   168.307876
10.736797   160.002748
10.751797   153.838195
10.766797   149.935736
10.781797   145.743039
10.796797   139.729504
10.811797   126.645448
END PITCH
0.19834836514165133	4N
Time_s   F0_Hz
10.817602   --undefined--
10.832602   --undefined--
10.847602   --undefined--
10.862602   --undefined--
10.877602   158.967484
10.892602   154.257827
10.907602   146.370852
10.922602   140.378774
10.937602   136.235689
10.952602   139.859672
10.967602   139.137149
10.982602   138.232092
10.997602   140.036737
11.012602   142.298893
END PITCH
0.17289784431375388	4Y
Time_s   F0_Hz
11.018226   141.136046
11.033226   138.060276
11.048226   --undefined--
11.063226   --undefined--
11.078226   --undefined--
11.093226   --undefined--
11.108226   169.354039
11.123226   159.196761
11.138226   145.785552
11.153226   143.283463
11.168226   139.551494
11.183226   136.704334
END PITCH
0.22403664333613094	1Y
Time_s   F0_Hz
11.194184   136.221059
11.209184   --undefined--
11.224184   --undefined--
11.239184   --undefined--
11.254184   --undefined--
11.269184   --undefined--
11.284184   --undefined--
11.299184   172.733819
11.314184   169.711837
11.329184   166.055887
11.344184   161.600753
11.359184   158.175364
11.374184   154.270829
11.389184   150.364644
11.404184   148.477691
END PITCH
0.129064588008859	4Y
Time_s   F0_Hz
11.415737   147.037382
11.430737   --undefined--
11.445737   --undefined--
11.460737   --undefined--
11.475737   161.033678
11.490737   157.270386
11.505737   152.035351
11.520737   149.894602
11.535737   148.031821
END PITCH
0.16039978779440212	4Y
Time_s   F0_Hz
11.545476   --undefined--
11.560476   --undefined--
11.575476   --undefined--
11.590476   --undefined--
11.605476   161.293073
11.620476   154.404713
11.635476   149.726620
11.650476   149.254940
11.665476   140.906183
11.680476   129.311979
11.695476   120.764770
END PITCH
0.11721083546993505	5Y
Time_s   F0_Hz
11.706786   --undefined--
11.721786   --undefined--
11.736786   --undefined--
11.751786   --undefined--
11.766786   --undefined--
11.781786   122.607227
11.796786   132.190857
11.811786   151.625173
END PITCH
0.2337773669594405	1N
Time_s   F0_Hz
11.822273   --undefined--
11.837273   --undefined--
11.852273   --undefined--
11.867273   --undefined--
11.882273   --undefined--
11.897273   --undefined--
11.912273   --undefined--
11.927273   --undefined--
11.942273   --undefined--
11.957273   169.493239
11.972273   162.174050
11.987273   150.313931
12.002273   146.427689
12.017273   145.549983
12.032273   145.383841
12.047273   143.790973
END PITCH
0.07062024626899799	1N
Time_s   F0_Hz
12.056973   145.758086
12.071973   148.594273
12.086973   144.385944
12.101973   134.845439
12.116973   126.517315
END PITCH
0.07792578898648195	2N
Time_s   F0_Hz
12.123747   250.774592
12.138747   --undefined--
12.153747   --undefined--
12.168747   --undefined--
12.183747   107.809894
12.198747   108.206176
END PITCH
0.10846576231514504	5Y
Time_s   F0_Hz
12.201944   108.872511
12.216944   115.537041
12.231944   116.892691
12.246944   --undefined--
12.261944   --undefined--
12.276944   --undefined--
12.291944   145.326121
12.306944   140.032187
END PITCH
