#Each entry contains the duration of a syllable (in seconds), an optional label, and a pitch time series.
0.1287397066718301	NONE
Time_s   F0_Hz
0.177449   --undefined--
0.192449   --undefined--
0.207449   143.849201
0.222449   159.748694
0.237449   175.308406
0.252449   182.459552
0.267449   187.199053
0.282449   187.777439
0.297449   183.443380
END PITCH
0.18056086900246665	NONE
Time_s   F0_Hz
0.302098   180.997625
0.317098   181.743857
0.332098   184.774301
0.347098   190.382335
0.362098   191.046290
0.377098   190.276924
0.392098   192.189871
0.407098   198.367379
0.422098   204.179627
0.437098   205.167156
0.452098   207.501674
0.467098   216.494454
0.482098   225.531252
END PITCH
0.128	NONE
Time_s   F0_Hz
0.486383   226.036331
0.501383   226.919097
0.516383   223.132937
0.531383   218.109914
0.546383   210.520165
0.561383   204.951212
0.576383   201.232052
0.591383   196.341350
0.606383   203.558834
END PITCH
0.11199999999999999	NONE
Time_s   F0_Hz
0.613883   206.379002
0.628883   206.435589
0.643883   207.391982
0.658883   211.367556
0.673883   213.337478
0.688883   215.066025
0.703883   217.746118
0.718883   221.555245
END PITCH
0.24	4N
Time_s   F0_Hz
0.722381   223.012198
0.737381   228.037116
0.752381   234.271461
0.767381   238.426029
0.782381   241.555243
0.797381   241.155947
0.812381   241.643339
0.827381   242.681043
0.842381   238.887081
0.857381   234.198308
0.872381   228.636595
0.887381   220.542727
0.902381   217.141853
0.917381   212.887748
0.932381   199.312341
0.947381   214.239118
0.962381   222.575438
END PITCH
0.1797583072736607	2Y
Time_s   F0_Hz
0.969756   --undefined--
0.984756   --undefined--
0.999756   190.639768
1.014756   204.600344
1.029756   212.414127
1.044756   217.954079
1.059756   224.151424
1.074756   225.793279
1.089756   230.538192
1.104756   229.398345
1.119756   227.448702
1.134756   224.506016
END PITCH
0.1732134235220988	3Y
Time_s   F0_Hz
1.146241   222.195455
1.161241   219.889261
1.176241   214.006714
1.191241   202.898898
1.206241   199.429721
1.221241   197.327611
1.236241   199.411961
1.251241   201.954341
1.266241   203.176690
1.281241   203.749071
1.296241   203.677769
1.311241   200.898939
END PITCH
0.1895984770985133	3N
Time_s   F0_Hz
1.320147   198.464046
1.335147   195.857534
1.350147   193.714389
1.365147   193.907667
1.380147   192.091619
1.395147   190.240500
1.410147   187.515911
1.425147   182.136516
1.440147   176.080592
1.455147   166.227329
1.470147   166.963630
1.485147   182.622404
1.500147   194.071201
END PITCH
0.18257631128005003	4Y
Time_s   F0_Hz
1.506236   194.805334
1.521236   194.820954
1.536236   202.598232
1.551236   195.269651
1.566236   190.666334
1.581236   197.906851
1.596236   --undefined--
1.611236   233.074907
1.626236   236.497103
1.641236   230.835921
1.656236   213.579729
1.671236   203.183928
1.686236   200.044984
END PITCH
0.1825763112800498	NONE
Time_s   F0_Hz
1.688821   200.049459
1.703821   196.979698
1.718821   194.869191
1.733821   192.855806
1.748821   184.792895
1.763821   174.600931
1.778821   171.412700
1.793821   164.712714
1.808821   155.348787
1.823821   146.020233
1.838821   --undefined--
1.853821   --undefined--
1.868821   --undefined--
END PITCH
0.10027716954562749	NONE
Time_s   F0_Hz
1.875249   --undefined--
1.890249   --undefined--
1.905249   --undefined--
1.920249   --undefined--
1.935249   178.506958
1.950249   173.013463
1.965249   165.685712
END PITCH
0.21103884840625242	4N
Time_s   F0_Hz
1.970907   --undefined--
1.985907   182.477231
2.000907   216.313905
2.015907   224.354860
2.030907   227.333295
2.045907   227.282117
2.060907   224.693215
2.075907   221.910384
2.090907   216.647460
2.105907   207.772069
2.120907   200.469648
2.135907   --undefined--
2.150907   --undefined--
2.165907   --undefined--
2.180907   --undefined--
END PITCH
0.07022165818463488	3Y
Time_s   F0_Hz
2.186531   --undefined--
2.201531   --undefined--
2.216531   --undefined--
2.231531   --undefined--
2.246531   181.722493
END PITCH
0.10533248727695188	5Y
Time_s   F0_Hz
2.251808   184.845879
2.266808   188.592087
2.281808   189.781596
2.296808   191.010286
2.311808   190.284223
2.326808   190.783331
2.341808   192.360229
2.356808   191.688309
END PITCH
0.41340700613216086	1Y
Time_s   F0_Hz
2.361185   190.177540
2.376185   185.929878
2.391185   193.212197
2.406185   --undefined--
2.421185   --undefined--
2.436185   230.461680
2.451185   226.984616
2.466185   219.790836
2.481185   213.956032
2.496185   209.500684
2.511185   207.115231
2.526185   208.726862
2.541185   208.691219
2.556185   208.230953
2.571185   209.460561
2.586185   210.959225
2.601185   211.936671
2.616185   212.250363
2.631185   212.778106
2.646185   214.656002
2.661185   213.594965
2.676185   206.884535
2.691185   201.619101
2.706185   199.266974
2.721185   200.663646
2.736185   207.177011
2.751185   205.449514
2.766185   202.203912
END PITCH
0.20800000000000018	NONE
Time_s   F0_Hz
3.560879   182.253597
3.575879   187.585796
3.590879   188.799451
3.605879   190.467161
3.620879   195.263644
3.635879   208.289513
3.650879   223.123816
3.665879   235.915281
3.680879   252.678917
3.695879   266.321334
3.710879   273.985078
3.725879   277.095157
3.740879   276.097164
3.755879   265.882990
END PITCH
0.18331042462080083	NONE
Time_s   F0_Hz
3.764036   262.844721
3.779036   260.867589
3.794036   262.062228
3.809036   263.138753
3.824036   260.406167
3.839036   255.594710
3.854036   250.754910
3.869036   248.715541
3.884036   244.678149
3.899036   240.094363
3.914036   243.181063
3.929036   242.774795
3.944036   244.159927
END PITCH
0.120689575379199	4Y
Time_s   F0_Hz
3.946032   244.136438
3.961032   242.671764
3.976032   240.815062
3.991032   236.692587
4.006032   262.714397
4.021032   269.031585
4.036032   256.443028
4.051032   234.137528
4.066032   228.687367
END PITCH
0.20467077420960766	4Y
Time_s   F0_Hz
4.071207   233.153885
4.086207   260.269408
4.101207   261.723035
4.116207   267.137174
4.131207   266.416301
4.146207   259.222213
4.161207   254.193822
4.176207   249.969263
4.191207   245.279543
4.206207   240.405104
4.221207   235.296634
4.236207   231.168243
4.251207   224.928746
4.266207   218.735125
END PITCH
0.24343508170673367	4N
Time_s   F0_Hz
4.272766   218.858016
4.287766   221.560398
4.302766   226.715061
4.317766   232.694920
4.332766   233.948144
4.347766   230.382274
4.362766   224.327347
4.377766   220.797716
4.392766   219.032404
4.407766   213.364797
4.422766   205.536754
4.437766   201.698494
4.452766   196.131635
4.467766   190.189272
4.482766   185.284600
4.497766   178.779690
4.512766   183.117662
END PITCH
0.18725775515902487	1N
Time_s   F0_Hz
4.518118   186.209407
4.533118   187.894841
4.548118   186.644303
4.563118   183.021417
4.578118   184.230418
4.593118   190.473274
4.608118   196.930978
4.623118   204.425795
4.638118   210.616928
4.653118   211.627680
4.668118   219.021604
4.683118   223.787568
4.698118   229.243277
END PITCH
0.12405826279285481	1Y
Time_s   F0_Hz
4.703776   229.035568
4.718776   221.636305
4.733776   223.206458
4.748776   223.659823
4.763776   223.921999
4.778776   225.756704
4.793776   229.329582
4.808776   228.389004
4.823776   220.164075
END PITCH
0.5045781261317792	3N
Time_s   F0_Hz
4.830595   217.386812
4.845595   227.388004
4.860595   229.234744
4.875595   228.758647
4.890595   228.461308
4.905595   224.569217
4.920595   236.587744
4.935595   227.244721
4.950595   210.930244
4.965595   198.447246
4.980595   193.263133
4.995595   191.167218
5.010595   189.207031
5.025595   189.277712
5.040595   190.051479
5.055595   191.293723
5.070595   192.859313
5.085595   195.075726
5.100595   197.427082
5.115595   197.730518
5.130595   198.414961
5.145595   200.401994
5.160595   203.176841
5.175595   205.919212
5.190595   207.720968
5.205595   208.985035
5.220595   210.393372
5.235595   209.550196
5.250595   203.342322
5.265595   209.352998
5.280595   214.009248
5.295595   216.936887
5.310595   214.167762
5.325595   --undefined--
END PITCH
0.07892755962100839	4Y
Time_s   F0_Hz
5.956344   --undefined--
5.971344   --undefined--
5.986344   --undefined--
6.001344   247.361605
6.016344   235.003953
6.031344   218.138262
END PITCH
0.11307244037899178	4Y
Time_s   F0_Hz
6.037341   215.091482
6.052341   220.534129
6.067341   231.495033
6.082341   236.620108
6.097341   237.628472
6.112341   234.578581
6.127341   239.426287
6.142341   238.922289
END PITCH
0.17015491429903484	4Y
Time_s   F0_Hz
6.148951   237.990584
6.163951   236.321798
6.178951   241.893278
6.193951   244.046109
6.208951   241.785882
6.223951   235.400072
6.238951   228.917740
6.253951   218.716142
6.268951   208.160491
6.283951   202.775399
6.298951   204.487726
6.313951   201.301340
END PITCH
0.22705002813031872	2Y
Time_s   F0_Hz
6.317557   200.533999
6.332557   212.763318
6.347557   206.113021
6.362557   196.847892
6.377557   211.587484
6.392557   218.706016
6.407557   223.192303
6.422557   230.541417
6.437557   238.964809
6.452557   251.324528
6.467557   256.520027
6.482557   264.784377
6.497557   263.438974
6.512557   257.885519
6.527557   250.610743
6.542557   --undefined--
END PITCH
0.4187950575706463	3Y
Time_s   F0_Hz
6.550482   262.459046
6.565482   265.657030
6.580482   253.131614
6.595482   247.192188
6.610482   --undefined--
6.625482   --undefined--
6.640482   --undefined--
6.655482   --undefined--
6.670482   --undefined--
6.685482   --undefined--
6.700482   --undefined--
6.715482   --undefined--
6.730482   --undefined--
6.745482   --undefined--
6.760482   --undefined--
6.775482   --undefined--
6.790482   140.431243
6.805482   143.997614
6.820482   145.510955
6.835482   148.530118
6.850482   148.945586
6.865482   145.279070
6.880482   140.224717
6.895482   --undefined--
6.910482   60.970383
6.925482   61.154554
6.940482   61.189813
6.955482   60.789715
END PITCH
0.17600000000000016	2N
Time_s   F0_Hz
6.967885   --undefined--
6.982885   150.945583
6.997885   157.822390
7.012885   163.407765
7.027885   167.026360
7.042885   171.032687
7.057885   172.997523
7.072885   173.084083
7.087885   173.482716
7.102885   173.059008
7.117885   173.089569
7.132885   170.157755
END PITCH
0.18466534827879766	4Y
Time_s   F0_Hz
7.140714   179.395050
7.155714   197.263843
7.170714   200.004833
7.185714   197.259421
7.200714   194.490627
7.215714   188.862394
7.230714   183.748437
7.245714   180.893875
7.260714   179.229048
7.275714   177.151150
7.290714   175.772297
7.305714   173.518391
7.320714   176.003333
END PITCH
0.25982013528314774	3Y
Time_s   F0_Hz
7.325448   177.852937
7.340448   181.924670
7.355448   183.683302
7.370448   185.959302
7.385448   186.592601
7.400448   181.975743
7.415448   --undefined--
7.430448   --undefined--
7.445448   192.973128
7.460448   195.559846
7.475448   194.691706
7.490448   190.242165
7.505448   190.428968
7.520448   196.497450
7.535448   208.834800
7.550448   217.425132
7.565448   219.286987
7.580448   223.071294
END PITCH
0.4892108853529544	3Y
Time_s   F0_Hz
7.587472   224.498617
7.602472   219.273202
7.617472   218.524982
7.632472   226.212380
7.647472   223.792927
7.662472   208.135749
7.677472   195.026350
7.692472   --undefined--
7.707472   --undefined--
7.722472   --undefined--
7.737472   --undefined--
7.752472   --undefined--
7.767472   --undefined--
7.782472   --undefined--
7.797472   --undefined--
7.812472   --undefined--
7.827472   --undefined--
7.842472   --undefined--
7.857472   --undefined--
7.872472   --undefined--
7.887472   --undefined--
7.902472   --undefined--
7.917472   --undefined--
7.932472   --undefined--
7.947472   138.398217
7.962472   146.095885
7.977472   149.012233
7.992472   151.443120
8.007472   154.753106
8.022472   154.594002
8.037472   152.382150
8.052472   152.011028
8.067472   153.382658
END PITCH
0.11001393115592784	2N
Time_s   F0_Hz
8.074586   154.403477
8.089586   158.357790
8.104586   163.039803
8.119586   167.831418
8.134586   170.512860
8.149586   174.292973
8.164586   175.098973
8.179586   172.160236
END PITCH
0.09831032145848795	4Y
Time_s   F0_Hz
8.186247   171.152289
8.201247   173.149320
8.216247   176.338989
8.231247   175.703244
8.246247   171.426132
8.261247   169.950431
8.276247   175.718034
END PITCH
0.2019793784706856	4N
Time_s   F0_Hz
8.283895   188.564021
8.298895   198.552904
8.313895   192.177467
8.328895   --undefined--
8.343895   --undefined--
8.358895   --undefined--
8.373895   221.950736
8.388895   228.950776
8.403895   225.950217
8.418895   213.015196
8.433895   202.184011
8.448895   192.502867
8.463895   189.507438
8.478895   185.231267
END PITCH
0.19200000000000017	4Y
Time_s   F0_Hz
8.488379   186.466837
8.503379   188.708998
8.518379   182.811557
8.533379   178.538398
8.548379   180.043751
8.563379   --undefined--
8.578379   --undefined--
8.593379   --undefined--
8.608379   --undefined--
8.623379   --undefined--
8.638379   --undefined--
8.653379   --undefined--
8.668379   --undefined--
END PITCH
0.14399999999999835	2N
Time_s   F0_Hz
8.678883   --undefined--
8.693883   190.969423
8.708883   181.335623
8.723883   166.704584
8.738883   159.017189
8.753883   160.548207
8.768883   160.757483
8.783883   159.532574
8.798883   157.441109
8.813883   158.645597
END PITCH
0.1280000000000001	4Y
Time_s   F0_Hz
8.822381   162.939290
8.837381   178.962712
8.852381   191.269201
8.867381   193.290600
8.882381   195.691407
8.897381   197.863714
8.912381   198.079647
8.927381   196.821305
8.942381   196.964489
END PITCH
0.272000000000002	1N
Time_s   F0_Hz
8.947381   197.218316
8.962381   199.104301
8.977381   190.343888
8.992381   186.699311
9.007381   186.856439
9.022381   184.484648
9.037381   183.273501
9.052381   182.930145
9.067381   182.549827
9.082381   181.341183
9.097381   181.628657
9.112381   183.614411
9.127381   186.334495
9.142381   188.551991
9.157381   190.556170
9.172381   192.407614
9.187381   194.246484
9.202381   195.913563
9.217381   193.458064
END PITCH
0.12693961056241854	2N
Time_s   F0_Hz
9.221859   191.460250
9.236859   180.645699
9.251859   165.554034
9.266859   152.507485
9.281859   143.943930
9.296859   146.932384
9.311859   151.172218
9.326859   158.513406
9.341859   167.231303
END PITCH
0.19662064291697767	4Y
Time_s   F0_Hz
9.346139   166.643810
9.361139   164.785635
9.376139   176.294153
9.391139   179.369494
9.406139   170.662252
9.421139   167.019317
9.436139   165.352203
9.451139   165.801105
9.466139   165.962584
9.481139   166.486181
9.496139   166.821820
9.511139   167.118514
9.526139   165.819530
9.541139   164.428720
END PITCH
0.1966206429169759	4Y
Time_s   F0_Hz
9.542761   164.523719
9.557761   --undefined--
9.572761   --undefined--
9.587761   --undefined--
9.602761   --undefined--
9.617761   201.168005
9.632761   201.555061
9.647761   199.419009
9.662761   194.701874
9.677761   186.550221
9.692761   176.524411
9.707761   --undefined--
9.722761   189.762049
9.737761   189.327626
END PITCH
0.39181910360362693	  3Y
Time_s   F0_Hz
9.739478   189.497963
9.754478   192.609190
9.769478   --undefined--
9.784478   --undefined--
9.799478   --undefined--
9.814478   --undefined--
9.829478   --undefined--
9.844478   --undefined--
9.859478   --undefined--
9.874478   --undefined--
9.889478   --undefined--
9.904478   --undefined--
9.919478   --undefined--
9.934478   --undefined--
9.949478   116.254396
9.964478   124.710522
9.979478   127.093631
9.994478   122.565124
10.009478   --undefined--
10.024478   --undefined--
10.039478   --undefined--
10.054478   --undefined--
10.069478   --undefined--
10.084478   --undefined--
10.099478   --undefined--
10.114478   --undefined--
10.129478   --undefined--
END PITCH
0.15122838635754654	NONE
Time_s   F0_Hz
10.130998   --undefined--
10.145998   --undefined--
10.160998   51.129275
10.175998   51.977346
10.190998   53.163819
10.205998   88.363651
10.220998   88.025799
10.235998   90.024346
10.250998   90.384842
10.265998   89.753722
10.280998   89.577867
END PITCH
0.19896136485646565	NONE
Time_s   F0_Hz
10.283588   89.420140
10.298588   89.164724
10.313588   89.657297
10.328588   89.095974
10.343588   --undefined--
10.358588   --undefined--
10.373588   183.906622
10.388588   176.778805
10.403588   170.025682
10.418588   164.279679
10.433588   162.847663
10.448588   163.848953
10.463588   164.593336
10.478588   --undefined--
END PITCH
0.11873768738347223	4Y
Time_s   F0_Hz
10.487443   --undefined--
10.502443   --undefined--
10.517443   187.157441
10.532443   200.751503
10.547443   198.052364
10.562443   193.598573
10.577443   190.605103
10.592443   184.542182
END PITCH
0.12171754085336772	4N
Time_s   F0_Hz
10.600170   181.446701
10.615170   177.381394
10.630170   172.399018
10.645170   165.772211
10.660170   162.990849
10.675170   159.790904
10.690170   156.410887
10.705170   154.755045
10.720170   162.341907
END PITCH
0.19335502054914677	NONE
Time_s   F0_Hz
10.727698   163.708473
10.742698   164.937531
10.757698   161.984678
10.772698   153.982415
10.787698   144.442990
10.802698   130.206863
10.817698   129.872067
10.832698   --undefined--
10.847698   --undefined--
10.862698   --undefined--
10.877698   --undefined--
10.892698   --undefined--
10.907698   --undefined--
END PITCH
0.21861204080070884	NONE
Time_s   F0_Hz
10.918685   --undefined--
10.933685   --undefined--
10.948685   --undefined--
10.963685   149.355518
10.978685   150.818100
10.993685   141.218401
11.008685   131.818801
11.023685   122.321671
11.038685   116.994162
11.053685   118.851248
11.068685   120.069124
11.083685   120.825657
11.098685   123.519221
11.113685   126.370677
11.128685   125.709716
END PITCH
0.1813879591992933	NONE
Time_s   F0_Hz
11.133685   124.429225
11.148685   123.622608
11.163685   123.003823
11.178685   122.845417
11.193685   --undefined--
11.208685   --undefined--
11.223685   163.087940
11.238685   159.893936
11.253685   150.932390
11.268685   --undefined--
11.283685   --undefined--
11.298685   --undefined--
11.313685   --undefined--
END PITCH
0.2879999999999967	NONE
Time_s   F0_Hz
11.315879   --undefined--
11.330879   --undefined--
11.345879   --undefined--
11.360879   --undefined--
11.375879   --undefined--
11.390879   --undefined--
11.405879   175.292958
11.420879   176.428796
11.435879   169.745821
11.450879   157.192991
11.465879   151.814842
11.480879   149.532966
11.495879   149.297192
11.510879   148.559544
11.525879   148.460641
11.540879   148.386500
11.555879   148.948012
11.570879   151.139083
11.585879   158.210075
11.600879   161.477402
END PITCH
0.19771779355473917	1Y
Time_s   F0_Hz
11.603736   160.755178
11.618736   --undefined--
11.633736   --undefined--
11.648736   --undefined--
11.663736   --undefined--
11.678736   --undefined--
11.693736   --undefined--
11.708736   --undefined--
11.723736   --undefined--
11.738736   --undefined--
11.753736   --undefined--
11.768736   --undefined--
11.783736   --undefined--
11.798736   --undefined--
END PITCH
0.12405826279285392	4Y
Time_s   F0_Hz
11.802120   --undefined--
11.817120   --undefined--
11.832120   --undefined--
11.847120   --undefined--
11.862120   --undefined--
11.877120   --undefined--
11.892120   --undefined--
11.907120   --undefined--
11.922120   --undefined--
END PITCH
0.4806048960333609	NONE
Time_s   F0_Hz
11.924456   --undefined--
11.939456   --undefined--
11.954456   --undefined--
11.969456   --undefined--
11.984456   --undefined--
11.999456   --undefined--
12.014456   205.687827
12.029456   209.979429
12.044456   --undefined--
12.059456   --undefined--
12.074456   --undefined--
12.089456   --undefined--
12.104456   --undefined--
12.119456   --undefined--
12.134456   --undefined--
12.149456   --undefined--
12.164456   --undefined--
12.179456   --undefined--
12.194456   --undefined--
12.209456   --undefined--
12.224456   --undefined--
12.239456   --undefined--
12.254456   --undefined--
12.269456   --undefined--
12.284456   --undefined--
12.299456   --undefined--
12.314456   --undefined--
12.329456   --undefined--
12.344456   --undefined--
12.359456   --undefined--
12.374456   --undefined--
END PITCH
