#Each entry contains the duration of a syllable (in seconds), an optional label, and a pitch time series.
0.20622241010971243	1N
Time_s   F0_Hz
0.809337   300.141711
0.824337   --undefined--
0.839337   312.133483
0.854337   307.716958
0.869337   306.203966
0.884337   306.555697
0.899337   305.281595
0.914337   302.820747
0.929337   302.442338
0.944337   301.196849
0.959337   298.382520
0.974337   299.154464
0.989337   302.553656
1.004337   305.196294
END PITCH
0.7224452195070326	1N
Time_s   F0_Hz
1.011179   --undefined--
1.026179   --undefined--
1.041179   --undefined--
1.056179   --undefined--
1.071179   306.386350
1.086179   305.398779
1.101179   302.384048
1.116179   299.793447
1.131179   300.145851
1.146179   301.383231
1.161179   301.847376
1.176179   301.824776
1.191179   300.979821
1.206179   299.861232
1.221179   298.345452
1.236179   297.137384
1.251179   296.611594
1.266179   296.101441
1.281179   295.523888
1.296179   295.109082
1.311179   295.034380
1.326179   293.914280
1.341179   293.716838
1.356179   293.479864
1.371179   293.679635
1.386179   293.569071
1.401179   293.086480
1.416179   292.624624
1.431179   292.366239
1.446179   293.333287
1.461179   294.271056
1.476179   294.913438
1.491179   295.856473
1.506179   296.423637
1.521179   297.706275
1.536179   300.052076
1.551179   303.026687
1.566179   307.377392
1.581179   312.947414
1.596179   310.442341
1.611179   309.905772
1.626179   308.958199
1.641179   307.342838
1.656179   303.072006
1.671179   302.473862
1.686179   305.170130
1.701179   307.027024
1.716179   303.749614
1.731179   --undefined--
END PITCH
0.15999999999999992	1N
Time_s   F0_Hz
1.737404   306.668616
1.752404   293.761704
1.767404   290.556115
1.782404   287.391611
1.797404   285.064441
1.812404   280.224660
1.827404   273.208690
1.842404   272.857939
1.857404   279.979199
1.872404   279.530455
1.887404   275.200450
END PITCH
0.19496165780085328	1N
Time_s   F0_Hz
1.899875   286.333876
1.914875   283.437189
1.929875   282.587423
1.944875   283.099683
1.959875   283.382504
1.974875   284.232018
1.989875   283.570862
2.004875   282.046216
2.019875   281.020563
2.034875   283.217700
2.049875   283.939853
2.064875   283.561905
2.079875   284.236944
END PITCH
0.7650438520292329	1Y
Time_s   F0_Hz
2.087375   282.123337
2.102375   275.851103
2.117375   273.140902
2.132375   272.143564
2.147375   282.242365
2.162375   283.132532
2.177375   285.738883
2.192375   284.964741
2.207375   283.325589
2.222375   283.089634
2.237375   282.379809
2.252375   280.126236
2.267375   277.894453
2.282375   277.339819
2.297375   277.583909
2.312375   276.110836
2.327375   275.296586
2.342375   277.054154
2.357375   277.981080
2.372375   277.341230
2.387375   274.950630
2.402375   274.915940
2.417375   278.117529
2.432375   276.656196
2.447375   274.733372
2.462375   272.829528
2.477375   272.323726
2.492375   271.325982
2.507375   271.153945
2.522375   270.239967
2.537375   270.448495
2.552375   272.100519
2.567375   273.740833
2.582375   274.100257
2.597375   271.992469
2.612375   270.132716
2.627375   268.524485
2.642375   268.769316
2.657375   268.080265
2.672375   268.095308
2.687375   268.783090
2.702375   269.414454
2.717375   270.793371
2.732375   272.190994
2.747375   271.538046
2.762375   270.023938
2.777375   270.592068
2.792375   271.257619
2.807375   274.758615
2.822375   282.536086
2.837375   279.340547
2.852375   273.383082
END PITCH
0.35141982130940796	1N
Time_s   F0_Hz
3.242761   --undefined--
3.257761   --undefined--
3.272761   --undefined--
3.287761   --undefined--
3.302761   --undefined--
3.317761   261.694203
3.332761   257.919178
3.347761   256.513601
3.362761   253.624826
3.377761   249.886798
3.392761   249.669117
3.407761   249.462513
3.422761   247.532932
3.437761   245.529521
3.452761   245.258080
3.467761   244.505015
3.482761   243.603983
3.497761   245.021364
3.512761   246.299829
3.527761   246.734878
3.542761   244.864838
3.557761   242.537718
3.572761   240.446628
3.587761   239.856713
END PITCH
0.43326273297157814	1N
Time_s   F0_Hz
3.721757   --undefined--
3.736757   --undefined--
3.751757   --undefined--
3.766757   --undefined--
3.781757   264.376790
3.796757   256.510134
3.811757   250.952453
3.826757   250.697454
3.841757   249.809155
3.856757   248.078982
3.871757   246.784357
3.886757   246.316004
3.901757   245.418219
3.916757   244.130102
3.931757   243.447333
3.946757   244.118261
3.961757   245.532559
3.976757   245.904323
3.991757   244.245678
4.006757   243.740155
4.021757   242.993981
4.036757   241.861330
4.051757   241.415970
4.066757   241.213016
4.081757   240.796710
4.096757   240.857105
4.111757   240.376010
4.126757   239.792462
4.141757   238.559502
END PITCH
0.8311087980769898	1Y
Time_s   F0_Hz
4.264643   --undefined--
4.279643   --undefined--
4.294643   248.137741
4.309643   245.391247
4.324643   243.064072
4.339643   241.351297
4.354643   240.092909
4.369643   239.122984
4.384643   239.042509
4.399643   238.445406
4.414643   237.201690
4.429643   235.400167
4.444643   234.229266
4.459643   233.239025
4.474643   233.191089
4.489643   233.484847
4.504643   234.467038
4.519643   235.755205
4.534643   236.755989
4.549643   237.131684
4.564643   237.224923
4.579643   237.486170
4.594643   237.647165
4.609643   237.685489
4.624643   237.681950
4.639643   238.034504
4.654643   238.051934
4.669643   238.165705
4.684643   238.273252
4.699643   238.256717
4.714643   238.644914
4.729643   239.149050
4.744643   239.096140
4.759643   238.852817
4.774643   238.903922
4.789643   238.900502
4.804643   239.168792
4.819643   239.006215
4.834643   238.675734
4.849643   237.637991
4.864643   236.301146
4.879643   235.471027
4.894643   235.510300
4.909643   234.653692
4.924643   233.433091
4.939643   232.696818
4.954643   232.920276
4.969643   233.635133
4.984643   234.545161
4.999643   236.559018
5.014643   238.852234
5.029643   240.302429
5.044643   240.785672
5.059643   240.167532
5.074643   238.473077
5.089643   233.502379
END PITCH
0.3850887862252792	1N
Time_s   F0_Hz
5.185743   --undefined--
5.200743   --undefined--
5.215743   --undefined--
5.230743   --undefined--
5.245743   256.714968
5.260743   247.978066
5.275743   242.916839
5.290743   239.930215
5.305743   239.264538
5.320743   238.499480
5.335743   238.716415
5.350743   238.400865
5.365743   237.578651
5.380743   238.382551
5.395743   239.346468
5.410743   239.697080
5.425743   240.394960
5.440743   240.611009
5.455743   238.287945
5.470743   236.323421
5.485743   236.352056
5.500743   --undefined--
5.515743   --undefined--
5.530743   --undefined--
5.545743   --undefined--
5.560743   --undefined--
END PITCH
0.42507068206287624	1N
Time_s   F0_Hz
5.568322   --undefined--
5.583322   --undefined--
5.598322   --undefined--
5.613322   --undefined--
5.628322   --undefined--
5.643322   --undefined--
5.658322   --undefined--
5.673322   285.717628
5.688322   280.657255
5.703322   273.075391
5.718322   265.506681
5.733322   261.584200
5.748322   254.543600
5.763322   245.486816
5.778322   243.718604
5.793322   246.474735
5.808322   245.152313
5.823322   242.991950
5.838322   242.401129
5.853322   241.971110
5.868322   243.193732
5.883322   244.254199
5.898322   244.462395
5.913322   245.039988
5.928322   246.310881
5.943322   248.062942
5.958322   250.645353
5.973322   251.670848
5.988322   256.889543
END PITCH
0.4542788587698654	4Y
Time_s   F0_Hz
5.993005   257.872950
6.008005   --undefined--
6.023005   --undefined--
6.038005   --undefined--
6.053005   --undefined--
6.068005   --undefined--
6.083005   --undefined--
6.098005   --undefined--
6.113005   --undefined--
6.128005   --undefined--
6.143005   --undefined--
6.158005   --undefined--
6.173005   --undefined--
6.188005   279.421309
6.203005   278.640959
6.218005   290.924641
6.233005   289.512455
6.248005   279.849753
6.263005   265.093883
6.278005   250.865028
6.293005   242.396074
6.308005   248.017524
6.323005   246.171744
6.338005   235.603522
6.353005   229.973553
6.368005   229.576607
6.383005   231.257386
6.398005   236.428712
6.413005   243.703120
6.428005   246.588512
6.443005   --undefined--
END PITCH
0.4213666004242036	1N
Time_s   F0_Hz
6.927710   --undefined--
6.942710   --undefined--
6.957710   --undefined--
6.972710   331.657500
6.987710   317.989205
7.002710   305.229297
7.017710   299.565717
7.032710   290.924708
7.047710   286.482265
7.062710   283.631255
7.077710   281.257454
7.092710   283.817981
7.107710   281.175299
7.122710   281.753350
7.137710   282.218611
7.152710   282.200190
7.167710   283.026357
7.182710   285.530433
7.197710   288.873627
7.212710   291.201563
7.227710   293.350068
7.242710   294.862264
7.257710   293.994554
7.272710   --undefined--
7.287710   --undefined--
7.302710   --undefined--
7.317710   --undefined--
7.332710   --undefined--
7.347710   --undefined--
END PITCH
0.49293120562290316	1N
Time_s   F0_Hz
7.354853   --undefined--
7.369853   --undefined--
7.384853   --undefined--
7.399853   --undefined--
7.414853   --undefined--
7.429853   302.660060
7.444853   294.955736
7.459853   288.717744
7.474853   288.624578
7.489853   288.411279
7.504853   287.311727
7.519853   286.218123
7.534853   284.587364
7.549853   282.319104
7.564853   280.303150
7.579853   278.399865
7.594853   276.910408
7.609853   275.125257
7.624853   275.537044
7.639853   278.058869
7.654853   280.448489
7.669853   281.810695
7.684853   282.155794
7.699853   280.749993
7.714853   283.488229
7.729853   292.266910
7.744853   296.344426
7.759853   298.691008
7.774853   293.647532
7.789853   289.218007
7.804853   290.696943
7.819853   292.235371
7.834853   285.894038
END PITCH
0.27777722016960915	2Y
Time_s   F0_Hz
7.845204   282.079256
7.860204   --undefined--
7.875204   --undefined--
7.890204   295.162715
7.905204   283.185717
7.920204   279.211797
7.935204   279.867803
7.950204   281.763098
7.965204   283.791467
7.980204   285.279337
7.995204   286.740041
8.010204   288.631791
8.025204   291.986598
8.040204   296.434644
8.055204   301.165522
8.070204   303.586514
8.085204   299.826059
8.100204   294.181177
8.115204   296.742720
END PITCH
0.573291574207488	4Y
Time_s   F0_Hz
8.120748   298.534786
8.135748   --undefined--
8.150748   --undefined--
8.165748   --undefined--
8.180748   --undefined--
8.195748   --undefined--
8.210748   --undefined--
8.225748   --undefined--
8.240748   --undefined--
8.255748   --undefined--
8.270748   --undefined--
8.285748   --undefined--
8.300748   --undefined--
8.315748   --undefined--
8.330748   333.487355
8.345748   318.255953
8.360748   310.525234
8.375748   308.893049
8.390748   306.638937
8.405748   305.913841
8.420748   303.635525
8.435748   299.832816
8.450748   295.221092
8.465748   292.296549
8.480748   289.958534
8.495748   286.186037
8.510748   281.403491
8.525748   276.778796
8.540748   274.764787
8.555748   274.062441
8.570748   272.157189
8.585748   271.749076
8.600748   271.193239
8.615748   268.319874
8.630748   263.057844
8.645748   259.825342
8.660748   255.776616
8.675748   251.100128
8.690748   245.417212
END PITCH
0.3061080115242998	3N
Time_s   F0_Hz
8.695454   244.804747
8.710454   247.844553
8.725454   248.929798
8.740454   248.621993
8.755454   250.139190
8.770454   252.350477
8.785454   254.548965
8.800454   254.646076
8.815454   252.801625
8.830454   252.662401
8.845454   252.522319
8.860454   252.293227
8.875454   253.302769
8.890454   259.564317
8.905454   265.405244
8.920454   264.175089
8.935454   258.258765
8.950454   262.638050
8.965454   262.365255
8.980454   258.158815
8.995454   --undefined--
END PITCH
0.412677658631722	NONE
Time_s   F0_Hz
9.002341   --undefined--
9.017341   --undefined--
9.032341   --undefined--
9.047341   --undefined--
9.062341   --undefined--
9.077341   --undefined--
9.092341   --undefined--
9.107341   --undefined--
9.122341   --undefined--
9.137341   --undefined--
9.152341   315.397351
9.167341   305.731895
9.182341   301.454626
9.197341   304.704951
9.212341   308.883868
9.227341   311.311807
9.242341   311.392455
9.257341   308.716528
9.272341   306.141271
9.287341   305.567462
9.302341   303.829859
9.317341   299.632682
9.332341   298.753550
9.347341   298.445217
9.362341   295.526555
9.377341   300.713570
9.392341   304.399504
9.407341   --undefined--
END PITCH
0.501608887667107	NONE
Time_s   F0_Hz
9.414484   --undefined--
9.429484   --undefined--
9.444484   --undefined--
9.459484   --undefined--
9.474484   --undefined--
9.489484   --undefined--
9.504484   --undefined--
9.519484   --undefined--
9.534484   --undefined--
9.549484   --undefined--
9.564484   --undefined--
9.579484   328.633187
9.594484   330.436922
9.609484   328.917389
9.624484   324.201208
9.639484   322.866642
9.654484   324.225469
9.669484   324.049801
9.684484   322.471177
9.699484   321.344975
9.714484   319.475071
9.729484   --undefined--
9.744484   --undefined--
9.759484   --undefined--
9.774484   --undefined--
9.789484   --undefined--
9.804484   --undefined--
9.819484   --undefined--
9.834484   --undefined--
9.849484   --undefined--
9.864484   --undefined--
9.879484   --undefined--
END PITCH
