#Each entry contains the duration of a syllable (in seconds), an optional label, and a pitch time series.
0.16705809500669339	2N
Time_s   F0_Hz
0.063044   240.916826
0.078044   223.434731
0.093044   --undefined--
0.108044   54.002937
0.123044   53.606051
0.138044   53.451830
0.153044   53.408290
0.168044   53.296286
0.183044   53.862168
0.198044   --undefined--
0.213044   --undefined--
0.228044   --undefined--
END PITCH
0.11827121770385371	5N
Time_s   F0_Hz
0.235709   197.518246
0.250709   192.023693
0.265709   190.201285
0.280709   199.510463
0.295709   198.081869
0.310709   198.362947
0.325709   198.683222
0.340709   198.969947
END PITCH
0.19662589943265685	4Y
Time_s   F0_Hz
0.348158   200.930096
0.363158   --undefined--
0.378158   --undefined--
0.393158   --undefined--
0.408158   --undefined--
0.423158   --undefined--
0.438158   217.855125
0.453158   205.504770
0.468158   193.144393
0.483158   186.429950
0.498158   181.904099
0.513158   181.380795
0.528158   180.815433
0.543158   178.033438
END PITCH
0.2986348247022308	1N
Time_s   F0_Hz
0.550788   177.684284
0.565788   182.755201
0.580788   182.727711
0.595788   177.942097
0.610788   177.985494
0.625788   --undefined--
0.640788   234.772732
0.655788   220.586918
0.670788   207.873130
0.685788   200.178913
0.700788   200.448199
0.715788   198.332764
0.730788   195.080825
0.745788   195.904199
0.760788   196.926303
0.775788   197.079888
0.790788   199.246415
0.805788   202.578769
0.820788   204.636225
0.835788   203.441523
END PITCH
0.0975737546056793	1N
Time_s   F0_Hz
0.846395   203.553981
0.861395   202.830475
0.876395   200.556967
0.891395   198.001905
0.906395   193.457480
0.921395   184.040596
0.936395   180.685114
END PITCH
0.20401785053914778	2N
Time_s   F0_Hz
0.944688   179.606670
0.959688   172.773922
0.974688   173.991759
0.989688   169.621481
1.004688   167.945753
1.019688   164.727469
1.034688   166.925199
1.049688   166.761086
1.064688   167.393351
1.079688   171.404434
1.094688   176.498747
1.109688   187.446202
1.124688   192.706700
1.139688   192.216583
END PITCH
0.12227633567233953	3Y
Time_s   F0_Hz
1.545975   --undefined--
1.560975   --undefined--
1.575975   --undefined--
1.590975   175.581781
1.605975   173.892641
1.620975   172.063042
1.635975   169.898917
1.650975   167.183634
1.665975   165.764818
END PITCH
0.1756858332525384	2N
Time_s   F0_Hz
1.672455   165.269836
1.687455   165.071869
1.702455   165.192800
1.717455   165.104654
1.732455   165.205343
1.747455   165.525681
1.762455   166.743794
1.777455   168.715789
1.792455   171.253407
1.807455   174.420426
1.822455   177.178197
1.837455   180.121482
END PITCH
0.19199999999999995	4N
Time_s   F0_Hz
1.848798   182.432024
1.863798   183.970980
1.878798   188.408682
1.893798   193.940256
1.908798   198.488973
1.923798   198.422110
1.938798   198.575543
1.953798   198.365108
1.968798   195.228585
1.983798   191.652989
1.998798   187.550479
2.013798   184.658612
2.028798   180.996390
END PITCH
0.17192659752129424	3Y
Time_s   F0_Hz
2.038260   88.175594
2.053260   86.632983
2.068260   --undefined--
2.083260   --undefined--
2.098260   --undefined--
2.113260   --undefined--
2.128260   --undefined--
2.143260   157.838166
2.158260   158.856158
2.173260   159.853219
2.188260   161.078757
2.203260   161.828598
END PITCH
0.15818775367890447	4Y
Time_s   F0_Hz
2.210816   --undefined--
2.225816   --undefined--
2.240816   --undefined--
2.255816   --undefined--
2.270816   --undefined--
2.285816   --undefined--
2.300816   213.258968
2.315816   195.677863
2.330816   185.271303
2.345816   182.511375
2.360816   179.311464
END PITCH
0.2217585331947256	1N
Time_s   F0_Hz
2.370794   176.946028
2.385794   181.994729
2.400794   183.275919
2.415794   182.672902
2.430794   182.551593
2.445794   --undefined--
2.460794   --undefined--
2.475794   221.296029
2.490794   211.623701
2.505794   200.141311
2.520794   194.412863
2.535794   191.247993
2.550794   191.519197
2.565794   194.006947
2.580794   194.756108
END PITCH
0.13157672969553724	1N
Time_s   F0_Hz
2.592460   194.220218
2.607460   194.131379
2.622460   193.207212
2.637460   190.356831
2.652460   188.120364
2.667460   62.005660
2.682460   60.830919
2.697460   61.881723
2.712460   62.363552
END PITCH
0.24913896147673853	2N
Time_s   F0_Hz
2.722823   189.937857
2.737823   187.387196
2.752823   183.689236
2.767823   179.550587
2.782823   175.781960
2.797823   174.870042
2.812823   171.289133
2.827823   171.158457
2.842823   171.199973
2.857823   172.153446
2.872823   176.414889
2.887823   182.040437
2.902823   185.647113
2.917823   188.456321
2.932823   193.886294
2.947823   198.811009
2.962823   198.937958
END PITCH
0.12122799814644969	3N
Time_s   F0_Hz
2.968005   197.228153
2.983005   185.542267
2.998005   --undefined--
3.013005   --undefined--
3.028005   --undefined--
3.043005   152.627287
3.058005   148.210114
3.073005   144.220580
3.088005   143.867555
END PITCH
0.11418342628635036	5Y
Time_s   F0_Hz
3.093203   144.031370
3.108203   145.281619
3.123203   149.749015
3.138203   156.860063
3.153203   159.584804
3.168203   165.962538
3.183203   166.883534
3.198203   160.085223
END PITCH
0.22966083575782692	3Y
Time_s   F0_Hz
3.205119   159.896688
3.220119   164.167176
3.235119   --undefined--
3.250119   --undefined--
3.265119   --undefined--
3.280119   --undefined--
3.295119   --undefined--
3.310119   --undefined--
3.325119   --undefined--
3.340119   --undefined--
3.355119   --undefined--
3.370119   --undefined--
3.385119   --undefined--
3.400119   --undefined--
3.415119   --undefined--
3.430119   --undefined--
END PITCH
0.15523097323630797	2N
Time_s   F0_Hz
4.500669   --undefined--
4.515669   --undefined--
4.530669   --undefined--
4.545669   --undefined--
4.560669   --undefined--
4.575669   --undefined--
4.590669   55.912861
4.605669   54.672575
4.620669   53.933482
4.635669   53.945039
4.650669   53.584776
END PITCH
0.08131146217139928	3Y
Time_s   F0_Hz
4.656434   160.416753
4.671434   156.279277
4.686434   153.247552
4.701434   150.944371
4.716434   --undefined--
4.731434   --undefined--
END PITCH
0.19958267987525335	1Y
Time_s   F0_Hz
4.736876   --undefined--
4.751876   --undefined--
4.766876   --undefined--
4.781876   --undefined--
4.796876   --undefined--
4.811876   170.181051
4.826876   162.725632
4.841876   150.933346
4.856876   139.785043
4.871876   135.985063
4.886876   136.438602
4.901876   142.742767
4.916876   144.747841
4.931876   145.598921
END PITCH
0.26862247168010267	4N
Time_s   F0_Hz
4.940981   --undefined--
4.955981   --undefined--
4.970981   --undefined--
4.985981   --undefined--
5.000981   172.248278
5.015981   163.250680
5.030981   155.612204
5.045981   151.402952
5.060981   145.139601
5.075981   136.100968
5.090981   132.170761
5.105981   --undefined--
5.120981   --undefined--
5.135981   --undefined--
5.150981   --undefined--
5.165981   --undefined--
5.180981   --undefined--
5.195981   --undefined--
END PITCH
0.14400000000000013	3Y
Time_s   F0_Hz
7.047296   --undefined--
7.062296   --undefined--
7.077296   --undefined--
7.092296   164.922063
7.107296   169.668527
7.122296   170.476026
7.137296   170.771065
7.152296   170.311056
7.167296   --undefined--
7.182296   --undefined--
END PITCH
0.10165346383306062	4Y
Time_s   F0_Hz
7.192630   166.992505
7.207630   183.493423
7.222630   202.545390
7.237630   202.766745
7.252630   200.258301
7.267630   196.970180
7.282630   194.579391
END PITCH
0.21584497230953392	4Y
Time_s   F0_Hz
7.291372   193.698330
7.306372   196.589390
7.321372   199.042421
7.336372   199.212286
7.351372   199.506349
7.366372   210.218826
7.381372   202.433851
7.396372   195.994436
7.411372   190.786210
7.426372   185.041731
7.441372   183.271618
7.456372   182.622521
7.471372   182.638139
7.486372   181.871123
7.501372   180.651004
END PITCH
0.16557970478539552	4Y
Time_s   F0_Hz
7.504575   180.577617
7.519575   180.816350
7.534575   180.523431
7.549575   181.805382
7.564575   --undefined--
7.579575   --undefined--
7.594575   169.160624
7.609575   163.812105
7.624575   162.124838
7.639575   160.596331
7.654575   158.892930
7.669575   164.258284
END PITCH
0.3799323328594495	1Y
Time_s   F0_Hz
7.672330   --undefined--
7.687330   --undefined--
7.702330   --undefined--
7.717330   167.764221
7.732330   163.627884
7.747330   166.243032
7.762330   180.377759
7.777330   183.995567
7.792330   177.275384
7.807330   172.710736
7.822330   167.932402
7.837330   164.544887
7.852330   164.853103
7.867330   164.636886
7.882330   164.154595
7.897330   163.902434
7.912330   162.788960
7.927330   163.276670
7.942330   163.453657
7.957330   162.833780
7.972330   162.703261
7.987330   167.701267
8.002330   --undefined--
8.017330   82.774791
8.032330   82.180193
8.047330   82.652911
END PITCH
0.12314802038951811	3Y
Time_s   F0_Hz
8.558469   --undefined--
8.573469   --undefined--
8.588469   --undefined--
8.603469   160.375113
8.618469   168.142791
8.633469   167.714332
8.648469   165.640834
8.663469   166.450402
8.678469   166.514383
END PITCH
0.1079224861547683	5N
Time_s   F0_Hz
8.681502   166.494430
8.696502   167.144037
8.711502   167.780860
8.726502   168.607532
8.741502   169.506289
8.756502   170.345504
8.771502   174.479554
8.786502   182.064612
END PITCH
0.2705454104975651	4Y
Time_s   F0_Hz
8.788231   182.463918
8.803231   182.187758
8.818231   183.066111
8.833231   187.721840
8.848231   192.788938
8.863231   196.006122
8.878231   197.767280
8.893231   196.072905
8.908231   195.440400
8.923231   194.728758
8.938231   194.705858
8.953231   193.015811
8.968231   191.157837
8.983231   189.083203
8.998231   185.679243
9.013231   183.102570
9.028231   183.090108
9.043231   184.724042
9.058231   186.043734
END PITCH
0.2690670202762675	1N
Time_s   F0_Hz
9.065539   186.268907
9.080539   183.186887
9.095539   --undefined--
9.110539   --undefined--
9.125539   --undefined--
9.140539   --undefined--
9.155539   --undefined--
9.170539   --undefined--
9.185539   230.295872
9.200539   222.443680
9.215539   218.117089
9.230539   218.349722
9.245539   219.455861
9.260539   217.513646
9.275539   218.269087
9.290539   220.098846
9.305539   220.883716
9.320539   218.779038
END PITCH
0.2735021909401638	2N
Time_s   F0_Hz
9.329331   217.023148
9.344331   215.877495
9.359331   216.958490
9.374331   216.485012
9.389331   --undefined--
9.404331   205.013712
9.419331   202.119063
9.434331   193.375452
9.449331   182.092886
9.464331   181.951541
9.479331   182.288174
9.494331   182.747756
9.509331   185.075646
9.524331   186.906847
9.539331   189.472636
9.554331   192.990184
9.569331   196.010658
9.584331   197.065195
9.599331   199.147258
END PITCH
0.2131671250941789	2Y
Time_s   F0_Hz
9.602664   199.850105
9.617664   203.142331
9.632664   194.516597
9.647664   194.689432
9.662664   193.917361
9.677664   193.755644
9.692664   197.217381
9.707664   --undefined--
9.722664   --undefined--
9.737664   --undefined--
9.752664   --undefined--
9.767664   173.460832
9.782664   174.193618
9.797664   176.757409
9.812664   180.539320
END PITCH
0.1907123385474634	4Y
Time_s   F0_Hz
9.819603   181.783974
9.834603   178.575944
9.849603   174.525960
9.864603   189.076971
9.879603   207.885666
9.894603   213.655219
9.909603   210.898002
9.924603   206.089311
9.939603   199.122850
9.954603   193.392884
9.969603   188.624277
9.984603   189.252650
9.999603   190.515028
END PITCH
0.3267242389068983	4?
Time_s   F0_Hz
10.010822   189.040913
10.025822   188.159846
10.040822   187.079166
10.055822   187.507049
10.070822   --undefined--
10.085822   --undefined--
10.100822   --undefined--
10.115822   --undefined--
10.130822   208.332412
10.145822   195.272130
10.160822   184.975660
10.175822   175.756203
10.190822   170.215970
10.205822   --undefined--
10.220822   --undefined--
10.235822   --undefined--
10.250822   --undefined--
10.265822   --undefined--
10.280822   --undefined--
10.295822   --undefined--
10.310822   --undefined--
10.325822   --undefined--
END PITCH
0.3267242389068965	2N
Time_s   F0_Hz
10.498373   195.777674
10.513373   186.443300
10.528373   176.163134
10.543373   168.352214
10.558373   165.512337
10.573373   163.037864
10.588373   163.192999
10.603373   164.199974
10.618373   165.121199
10.633373   165.555444
10.648373   165.933516
10.663373   166.155680
10.678373   165.301341
10.693373   164.996161
10.708373   164.685581
10.723373   165.242879
10.738373   165.504425
10.753373   163.791434
10.768373   164.371551
10.783373   166.475279
10.798373   169.279620
10.813373   177.565635
END PITCH
0.16410131456409793	4Y
Time_s   F0_Hz
10.826281   195.045591
10.841281   194.603453
10.856281   183.815555
10.871281   174.425873
10.886281   169.017214
10.901281   165.700631
10.916281   166.555277
10.931281   168.895669
10.946281   170.901569
10.961281   173.676554
10.976281   175.614759
END PITCH
0.24459453338721815	2Y
Time_s   F0_Hz
10.985635   174.631677
11.000635   169.137007
11.015635   170.389041
11.030635   170.185509
11.045635   --undefined--
11.060635   --undefined--
11.075635   --undefined--
11.090635   --undefined--
11.105635   --undefined--
11.120635   --undefined--
11.135635   --undefined--
11.150635   192.511054
11.165635   183.454679
11.180635   181.299133
11.195635   183.645470
11.210635   185.163215
11.225635   184.053632
END PITCH
0.2099314114243409	4Y
Time_s   F0_Hz
11.235402   181.241292
11.250402   178.609752
11.265402   181.685677
11.280402   194.019573
11.295402   214.749482
11.310402   215.171553
11.325402   212.458797
11.340402   204.672662
11.355402   196.131832
11.370402   189.749559
11.385402   183.485024
11.400402   184.160196
11.415402   183.370008
11.430402   183.399913
END PITCH
0.33707297045598317	4N
Time_s   F0_Hz
11.441406   182.403665
11.456406   183.039632
11.471406   186.232421
11.486406   --undefined--
11.501406   --undefined--
11.516406   --undefined--
11.531406   --undefined--
11.546406   218.721694
11.561406   204.427854
11.576406   193.388206
11.591406   186.083459
11.606406   180.623062
11.621406   178.124162
11.636406   172.658949
11.651406   170.015467
11.666406   164.762772
11.681406   165.590736
11.696406   164.286110
11.711406   164.942351
11.726406   168.588209
11.741406   166.890132
11.756406   168.496701
11.771406   174.745943
END PITCH
0.1741222738363053	4Y
Time_s   F0_Hz
11.779507   --undefined--
11.794507   --undefined--
11.809507   143.016621
11.824507   139.219038
11.839507   136.225963
11.854507   132.329739
11.869507   131.244690
11.884507   131.815882
11.899507   --undefined--
11.914507   --undefined--
11.929507   --undefined--
11.944507   --undefined--
END PITCH
0.21732336253083417	1Y
Time_s   F0_Hz
11.952732   --undefined--
11.967732   --undefined--
11.982732   163.318379
11.997732   169.475662
12.012732   173.053081
12.027732   185.211511
12.042732   192.966009
12.057732   198.826299
12.072732   205.711161
12.087732   212.607271
12.102732   220.802747
12.117732   225.936568
12.132732   224.585245
12.147732   218.059018
12.162732   207.665280
END PITCH
0.20106107009655183	4Y
Time_s   F0_Hz
12.169416   203.567452
12.184416   210.360146
12.199416   215.355892
12.214416   216.550043
12.229416   218.858522
12.244416   223.564277
12.259416   206.665067
12.274416   183.943751
12.289416   164.601642
12.304416   149.484042
12.319416   143.613978
12.334416   143.494460
12.349416   146.869478
12.364416   148.789626
END PITCH
0.27535095843943047	4N
Time_s   F0_Hz
12.370113   --undefined--
12.385113   --undefined--
12.400113   --undefined--
12.415113   --undefined--
12.430113   --undefined--
12.445113   --undefined--
12.460113   --undefined--
12.475113   --undefined--
12.490113   159.726471
12.505113   152.087140
12.520113   142.598111
12.535113   136.587971
12.550113   130.741447
12.565113   --undefined--
12.580113   --undefined--
12.595113   122.815248
12.610113   126.491785
12.625113   129.055793
12.640113   127.362252
END PITCH
0.37374369810773267	4Y
Time_s   F0_Hz
12.649660   --undefined--
12.664660   --undefined--
12.679660   --undefined--
12.694660   --undefined--
12.709660   --undefined--
12.724660   --undefined--
12.739660   81.960359
12.754660   80.801455
12.769660   79.445095
12.784660   79.340751
12.799660   158.019196
12.814660   157.409970
12.829660   158.096458
12.844660   158.376286
12.859660   157.032524
12.874660   155.524324
12.889660   154.576254
12.904660   154.340977
12.919660   155.252924
12.934660   155.727624
12.949660   154.305167
12.964660   153.692744
12.979660   154.173547
12.994660   153.449748
13.009660   --undefined--
END PITCH
0.2411542588803055	1N
Time_s   F0_Hz
13.017109   --undefined--
13.032109   --undefined--
13.047109   --undefined--
13.062109   --undefined--
13.077109   --undefined--
13.092109   --undefined--
13.107109   --undefined--
13.122109   216.231955
13.137109   207.563089
13.152109   202.473623
13.167109   201.999678
13.182109   202.067470
13.197109   202.312393
13.212109   203.582874
13.227109   204.752381
13.242109   204.529961
13.257109   207.437309
END PITCH
0.07835468172880411	1N
Time_s   F0_Hz
13.259371   207.531982
13.274371   205.190714
13.289371   202.545831
13.304371   199.584298
13.319371   195.869674
13.334371   190.058108
END PITCH
0.2667473612831568	2N
Time_s   F0_Hz
13.341922   187.233073
13.356922   186.920115
13.371922   185.175079
13.386922   182.791037
13.401922   183.890850
13.416922   187.342414
13.431922   190.853190
13.446922   193.117181
13.461922   196.312630
13.476922   198.797447
13.491922   201.698174
13.506922   204.532601
13.521922   206.931701
13.536922   210.006317
13.551922   204.531482
13.566922   200.226121
13.581922   200.476035
13.596922   201.340315
END PITCH
0.38146165653264674	1N
Time_s   F0_Hz
13.606026   --undefined--
13.621026   --undefined--
13.636026   250.213573
13.651026   244.153134
13.666026   240.391841
13.681026   238.598224
13.696026   238.505911
13.711026   238.402853
13.726026   237.233460
13.741026   236.006331
13.756026   235.364246
13.771026   234.608669
13.786026   234.317257
13.801026   237.500900
13.816026   241.438946
13.831026   242.141178
13.846026   237.967338
13.861026   238.546937
13.876026   --undefined--
13.891026   --undefined--
13.906026   --undefined--
13.921026   --undefined--
13.936026   --undefined--
13.951026   --undefined--
13.966026   --undefined--
13.981026   --undefined--
END PITCH
0.24372284867003913	4Y
Time_s   F0_Hz
13.986122   --undefined--
14.001122   --undefined--
14.016122   --undefined--
14.031122   --undefined--
14.046122   --undefined--
14.061122   --undefined--
14.076122   --undefined--
14.091122   208.563802
14.106122   196.022114
14.121122   174.476010
14.136122   161.055304
14.151122   142.208890
14.166122   142.262297
14.181122   149.392409
14.196122   144.904284
14.211122   --undefined--
14.226122   --undefined--
END PITCH
0.3252458486855989	1Y
Time_s   F0_Hz
14.233101   --undefined--
14.248101   --undefined--
14.263101   --undefined--
14.278101   --undefined--
14.293101   --undefined--
14.308101   --undefined--
14.323101   --undefined--
14.338101   --undefined--
14.353101   175.297896
14.368101   163.525706
14.383101   155.803261
14.398101   151.019403
14.413101   148.517942
14.428101   147.644157
14.443101   --undefined--
14.458101   --undefined--
14.473101   --undefined--
14.488101   --undefined--
14.503101   --undefined--
14.518101   --undefined--
14.533101   --undefined--
14.548101   --undefined--
END PITCH
0.10575744420995292	4Y
Time_s   F0_Hz
14.729427   --undefined--
14.744427   --undefined--
14.759427   --undefined--
14.774427   --undefined--
14.789427   --undefined--
14.804427   137.536612
14.819427   134.732352
14.834427   --undefined--
END PITCH
0.13707976572872482	4Y
Time_s   F0_Hz
14.835845   --undefined--
14.850845   --undefined--
14.865845   --undefined--
14.880845   150.469395
14.895845   151.454987
14.910845   153.398930
14.925845   154.504052
14.940845   155.617083
14.955845   158.494258
14.970845   161.438329
END PITCH
0.21880175275212999	1N
Time_s   F0_Hz
14.976281   --undefined--
14.991281   --undefined--
15.006281   --undefined--
15.021281   --undefined--
15.036281   163.793984
15.051281   190.349922
15.066281   196.535038
15.081281   184.341717
15.096281   173.992530
15.111281   171.862077
15.126281   169.406258
15.141281   166.219575
15.156281   168.761228
15.171281   169.595096
15.186281   171.843371
END PITCH
0.09461697416308468	1N
Time_s   F0_Hz
15.192982   175.011654
15.207982   177.928694
15.222982   179.985487
15.237982   179.250373
15.252982   175.995593
15.267982   171.870971
15.282982   166.345543
END PITCH
0.1522741927937119	2N
Time_s   F0_Hz
15.286429   164.698856
15.301429   160.213783
15.316429   163.155077
15.331429   164.053788
15.346429   163.666477
15.361429   164.191361
15.376429   165.822502
15.391429   165.702481
15.406429   166.306987
15.421429   169.810137
15.436429   175.568291
END PITCH
0.11531443726125623	5Y
Time_s   F0_Hz
15.442727   178.252464
15.457727   184.795497
15.472727   185.028925
15.487727   184.575000
15.502727   192.351004
15.517727   198.656588
15.532727   194.198393
15.547727   186.602120
END PITCH
