#Each entry contains the duration of a syllable (in seconds), an optional label, and a pitch time series.
0.1132765747035068	3Y
Time_s   F0_Hz
0.251230   --undefined--
0.266230   --undefined--
0.281230   171.291926
0.296230   170.427032
0.311230   169.777317
0.326230   169.280025
0.341230   168.067082
0.356230   166.526938
END PITCH
0.13574465563643384	2Y
Time_s   F0_Hz
0.360743   166.177881
0.375743   165.348173
0.390743   165.021947
0.405743   165.954217
0.420743   168.672039
0.435743   172.992300
0.450743   180.321775
0.465743   186.749068
0.480743   195.725340
0.495743   200.717095
END PITCH
0.5784341117831858	1Y
Time_s   F0_Hz
0.500340   200.666827
0.515340   189.570007
0.530340   203.201643
0.545340   196.668054
0.560340   --undefined--
0.575340   --undefined--
0.590340   254.070023
0.605340   238.025220
0.620340   222.270446
0.635340   215.100549
0.650340   211.347386
0.665340   207.640036
0.680340   204.445915
0.695340   202.238724
0.710340   199.942156
0.725340   197.534940
0.740340   194.608116
0.755340   191.749803
0.770340   189.204318
0.785340   186.650339
0.800340   185.147755
0.815340   184.197029
0.830340   183.128278
0.845340   181.736947
0.860340   179.678120
0.875340   178.039606
0.890340   179.593573
0.905340   181.433877
0.920340   181.802484
0.935340   182.041021
0.950340   181.770952
0.965340   185.482914
0.980340   212.834081
0.995340   210.917080
1.010340   --undefined--
1.025340   --undefined--
1.040340   --undefined--
1.055340   --undefined--
1.070340   --undefined--
END PITCH
0.14400000000000013	3Y
Time_s   F0_Hz
1.783044   --undefined--
1.798044   --undefined--
1.813044   154.045064
1.828044   162.127836
1.843044   165.593002
1.858044   163.258360
1.873044   161.232327
1.888044   159.166275
1.903044   158.443036
1.918044   157.394637
END PITCH
0.1805862615804259	2N
Time_s   F0_Hz
1.922834   156.887955
1.937834   155.233729
1.952834   153.510401
1.967834   153.001301
1.982834   154.064403
1.997834   156.059491
2.012834   158.819765
2.027834   161.277877
2.042834   163.635936
2.057834   166.983749
2.072834   172.902278
2.087834   179.633254
2.102834   182.727700
END PITCH
0.20408506847408647	4N
Time_s   F0_Hz
2.107681   183.700589
2.122681   187.555749
2.137681   195.159343
2.152681   201.263875
2.167681   202.283983
2.182681   203.818522
2.197681   206.767012
2.212681   208.754099
2.227681   206.667570
2.242681   202.944432
2.257681   199.905251
2.272681   196.974723
2.287681   193.408494
2.302681   188.777233
END PITCH
0.578553084022869	3Y
Time_s   F0_Hz
2.311508   185.661904
2.326508   179.677626
2.341508   174.053131
2.356508   167.101410
2.371508   160.887949
2.386508   151.177601
2.401508   142.229612
2.416508   --undefined--
2.431508   --undefined--
2.446508   108.759236
2.461508   105.774017
2.476508   102.830942
2.491508   95.408793
2.506508   92.620991
2.521508   --undefined--
2.536508   --undefined--
2.551508   --undefined--
2.566508   --undefined--
2.581508   --undefined--
2.596508   --undefined--
2.611508   68.280005
2.626508   --undefined--
2.641508   --undefined--
2.656508   --undefined--
2.671508   --undefined--
2.686508   --undefined--
2.701508   --undefined--
2.716508   130.621465
2.731508   129.830162
2.746508   131.825708
2.761508   132.668219
2.776508   133.545094
2.791508   137.299433
2.806508   143.454100
2.821508   150.113887
2.836508   151.116079
2.851508   149.910245
2.866508   146.873904
2.881508   145.554597
END PITCH
0.1891540544450887	4Y
Time_s   F0_Hz
3.182438   --undefined--
3.197438   --undefined--
3.212438   --undefined--
3.227438   --undefined--
3.242438   --undefined--
3.257438   --undefined--
3.272438   259.386619
3.287438   244.756698
3.302438   230.341067
3.317438   225.541735
3.332438   220.460021
3.347438   215.217906
3.362438   212.982694
END PITCH
0.28459569181707467	1N
Time_s   F0_Hz
3.374308   214.571965
3.389308   219.275881
3.404308   216.952101
3.419308   --undefined--
3.434308   --undefined--
3.449308   245.372579
3.464308   244.438904
3.479308   234.141512
3.494308   225.925489
3.509308   226.337608
3.524308   225.827705
3.539308   226.459596
3.554308   227.559409
3.569308   228.184691
3.584308   227.981957
3.599308   226.720955
3.614308   225.194896
3.629308   221.556615
3.644308   215.319781
END PITCH
0.05991488248780508	1N
Time_s   F0_Hz
3.659065   207.114854
3.674065   195.126867
3.689065   185.584696
3.704065   178.929308
END PITCH
0.14042550583079327	2N
Time_s   F0_Hz
3.714235   174.136145
3.729235   172.883760
3.744235   173.780507
3.759235   177.391038
3.774235   183.246195
3.789235   188.796188
3.804235   195.375893
3.819235   200.713365
3.834235   202.513620
3.849235   198.856350
END PITCH
0.1198297649756106	3N
Time_s   F0_Hz
3.859371   198.560943
3.874371   202.844940
3.889371   197.712225
3.904371   --undefined--
3.919371   --undefined--
3.934371   163.306065
3.949371   155.245329
3.964371   --undefined--
END PITCH
0.15540422645274443	5Y
Time_s   F0_Hz
3.974490   --undefined--
3.989490   --undefined--
4.004490   162.648604
4.019490   163.487586
4.034490   162.142724
4.049490   162.212106
4.064490   157.570576
4.079490   155.248560
4.094490   152.275821
4.109490   150.493354
4.124490   149.495440
END PITCH
0.3553664077854517	3Y
Time_s   F0_Hz
4.132364   149.929359
4.147364   151.943626
4.162364   --undefined--
4.177364   --undefined--
4.192364   --undefined--
4.207364   --undefined--
4.222364   --undefined--
4.237364   --undefined--
4.252364   --undefined--
4.267364   --undefined--
4.282364   --undefined--
4.297364   --undefined--
4.312364   --undefined--
4.327364   --undefined--
4.342364   --undefined--
4.357364   --undefined--
4.372364   --undefined--
4.387364   --undefined--
4.402364   --undefined--
4.417364   --undefined--
4.432364   --undefined--
4.447364   --undefined--
4.462364   --undefined--
4.477364   --undefined--
END PITCH
0.1120000000000001	3Y
Time_s   F0_Hz
4.950051   --undefined--
4.965051   --undefined--
4.980051   --undefined--
4.995051   146.429262
5.010051   142.968589
5.025051   138.548654
5.040051   137.959488
5.055051   145.561405
END PITCH
0.16081722840270274	4Y
Time_s   F0_Hz
5.063957   149.471253
5.078957   154.590821
5.093957   159.326440
5.108957   163.744559
5.123957   166.173270
5.138957   167.304854
5.153957   169.155780
5.168957   170.896858
5.183957   170.989484
5.198957   171.160855
5.213957   171.559450
END PITCH
0.21531910894054995	4Y
Time_s   F0_Hz
5.222029   172.004606
5.237029   168.853259
5.252029   --undefined--
5.267029   --undefined--
5.282029   --undefined--
5.297029   --undefined--
5.312029   182.756081
5.327029   179.928780
5.342029   174.510638
5.357029   171.018928
5.372029   165.463491
5.387029   162.096916
5.402029   162.542354
5.417029   165.060259
5.432029   165.392983
END PITCH
0.17240807138536596	4Y
Time_s   F0_Hz
5.438396   164.598634
5.453396   163.772181
5.468396   166.088760
5.483396   163.314226
5.498396   163.693591
5.513396   --undefined--
5.528396   --undefined--
5.543396   --undefined--
5.558396   --undefined--
5.573396   --undefined--
5.588396   --undefined--
5.603396   --undefined--
END PITCH
0.44345559127138134	1Y
Time_s   F0_Hz
5.611321   --undefined--
5.626321   --undefined--
5.641321   150.034775
5.656321   143.894627
5.671321   152.007844
5.686321   159.729027
5.701321   158.802876
5.716321   152.559711
5.731321   148.588381
5.746321   147.741667
5.761321   148.299926
5.776321   150.451980
5.791321   153.890467
5.806321   158.115329
5.821321   162.499789
5.836321   163.094399
5.851321   162.856966
5.866321   163.367263
5.881321   162.202814
5.896321   161.643889
5.911321   161.647955
5.926321   159.945389
5.941321   156.092975
5.956321   161.173121
5.971321   167.202952
5.986321   174.862580
6.001321   203.349867
6.016321   216.591640
6.031321   219.009398
6.046321   --undefined--
END PITCH
0.5435849878114523	4Y
Time_s   F0_Hz
6.238277   --undefined--
6.253277   --undefined--
6.268277   --undefined--
6.283277   218.041205
6.298277   201.763654
6.313277   196.618124
6.328277   194.407600
6.343277   192.072969
6.358277   189.612474
6.373277   184.869763
6.388277   181.091704
6.403277   179.659104
6.418277   178.320441
6.433277   175.712692
6.448277   173.695694
6.463277   172.006438
6.478277   169.802699
6.493277   168.092888
6.508277   166.381203
6.523277   165.005395
6.538277   164.149027
6.553277   163.375524
6.568277   163.835183
6.583277   163.091658
6.598277   161.705638
6.613277   160.219403
6.628277   158.144711
6.643277   156.201402
6.658277   154.384047
6.673277   153.042429
6.688277   151.052392
6.703277   150.375170
6.718277   151.643087
6.733277   152.851351
6.748277   154.143756
6.763277   154.832147
6.778277   153.647570
END PITCH
0.11760309075784026	2N
Time_s   F0_Hz
7.192851   --undefined--
7.207851   --undefined--
7.222851   186.417781
7.237851   185.221622
7.252851   188.681271
7.267851   195.479939
7.282851   199.005505
7.297851   203.581656
END PITCH
0.15439690924215999	3Y
Time_s   F0_Hz
7.306349   205.568992
7.321349   203.202350
7.336349   198.513932
7.351349   193.901506
7.366349   188.967165
7.381349   183.684755
7.396349   178.730806
7.411349   175.708563
7.426349   177.715102
7.441349   177.015895
7.456349   178.234346
END PITCH
0.13019878257491424	4Y
Time_s   F0_Hz
7.463651   183.004110
7.478651   198.034631
7.493651   198.747364
7.508651   194.203837
7.523651   191.829187
7.538651   189.991761
7.553651   187.086104
7.568651   178.935918
7.583651   179.576789
END PITCH
0.17380121742508514	NONE
Time_s   F0_Hz
7.593146   185.036140
7.608146   189.645986
7.623146   190.305545
7.638146   200.920897
7.653146   216.598152
7.668146   205.822944
7.683146   197.848499
7.698146   195.543602
7.713146   194.920759
7.728146   194.960808
7.743146   193.028841
7.758146   189.855990
END PITCH
0.1557306362578439	NONE
Time_s   F0_Hz
7.765408   191.944398
7.780408   203.739407
7.795408   199.697252
7.810408   193.882233
7.825408   93.405234
7.840408   91.919327
7.855408   92.477126
7.870408   93.752303
7.885408   95.075822
7.900408   96.277513
7.915408   95.907099
END PITCH
0.550467982856711	1Y
Time_s   F0_Hz
7.923515   188.846554
7.938515   186.964606
7.953515   190.547718
7.968515   191.559269
7.983515   --undefined--
7.998515   --undefined--
8.013515   --undefined--
8.028515   --undefined--
8.043515   --undefined--
8.058515   --undefined--
8.073515   --undefined--
8.088515   --undefined--
8.103515   --undefined--
8.118515   221.799001
8.133515   210.738700
8.148515   201.188684
8.163515   197.985639
8.178515   196.707743
8.193515   196.578169
8.208515   196.228313
8.223515   196.016239
8.238515   195.918677
8.253515   195.783238
8.268515   195.975094
8.283515   195.808459
8.298515   195.390476
8.313515   195.216733
8.328515   194.790932
8.343515   194.489424
8.358515   194.717567
8.373515   194.357583
8.388515   193.734345
8.403515   193.560234
8.418515   193.266086
8.433515   193.369120
8.448515   193.410298
8.463515   193.595400
END PITCH
0.1928510280076221	4Y
Time_s   F0_Hz
8.475181   192.965818
8.490181   193.304529
8.505181   194.686362
8.520181   195.950178
8.535181   218.162483
8.550181   236.770930
8.565181   210.014998
8.580181   195.317542
8.595181   190.205175
8.610181   186.272538
8.625181   181.991930
8.640181   179.385755
8.655181   174.457560
END PITCH
0.17038294707469603	4Y
Time_s   F0_Hz
8.664291   169.405925
8.679291   169.644079
8.694291   173.817878
8.709291   180.601933
8.724291   --undefined--
8.739291   --undefined--
8.754291   --undefined--
8.769291   95.601972
8.784291   93.622583
8.799291   91.907571
8.814291   90.559229
8.829291   88.015462
END PITCH
0.49064729093158554	3Y
Time_s   F0_Hz
8.837302   --undefined--
8.852302   --undefined--
8.867302   --undefined--
8.882302   --undefined--
8.897302   --undefined--
8.912302   --undefined--
8.927302   --undefined--
8.942302   --undefined--
8.957302   --undefined--
8.972302   --undefined--
8.987302   --undefined--
9.002302   184.791085
9.017302   163.113372
9.032302   156.260384
9.047302   154.751057
9.062302   153.863947
9.077302   154.747670
9.092302   155.695909
9.107302   151.716264
9.122302   135.820634
9.137302   134.055221
9.152302   132.755346
9.167302   130.139692
9.182302   128.661280
9.197302   127.935107
9.212302   128.502597
9.227302   128.932630
9.242302   129.891565
9.257302   131.534071
9.272302   133.594622
9.287302   135.572994
9.302302   137.069164
9.317302   137.594201
END PITCH
0.18121070925839433	4Y
Time_s   F0_Hz
9.323231   137.836893
9.338231   139.204093
9.353231   141.315982
9.368231   140.499191
9.383231   138.526747
9.398231   --undefined--
9.413231   --undefined--
9.428231   --undefined--
9.443231   193.350890
9.458231   190.204534
9.473231   188.792832
9.488231   185.369115
9.503231   178.563663
END PITCH
0.17974464746341567	4Y
Time_s   F0_Hz
9.511207   175.936754
9.526207   179.496882
9.541207   --undefined--
9.556207   --undefined--
9.571207   --undefined--
9.586207   --undefined--
9.601207   101.096380
9.616207   100.735358
9.631207   99.484967
9.646207   98.558788
9.661207   97.622719
9.676207   96.182954
END PITCH
0.1741276272301846	3Y
Time_s   F0_Hz
9.688146   180.824841
9.703146   --undefined--
9.718146   --undefined--
9.733146   --undefined--
9.748146   --undefined--
9.763146   --undefined--
9.778146   --undefined--
9.793146   --undefined--
9.808146   172.333056
9.823146   168.201784
9.838146   166.374197
9.853146   166.652126
END PITCH
0.16851060699695175	4Y
Time_s   F0_Hz
9.859473   165.920120
9.874473   164.210518
9.889473   174.376298
9.904473   182.824243
9.919473   184.244695
9.934473   188.244001
9.949473   191.653781
9.964473   191.900824
9.979473   190.622954
9.994473   186.968295
10.009473   181.111377
10.024473   176.442075
END PITCH
0.35574461477134456	4N
Time_s   F0_Hz
10.031604   175.442480
10.046604   176.117908
10.061604   --undefined--
10.076604   --undefined--
10.091604   --undefined--
10.106604   --undefined--
10.121604   237.069552
10.136604   228.030280
10.151604   219.855510
10.166604   215.380613
10.181604   210.429854
10.196604   206.672008
10.211604   202.958299
10.226604   197.706089
10.241604   196.378013
10.256604   193.854825
10.271604   189.231887
10.286604   183.522344
10.301604   177.393081
10.316604   174.386211
10.331604   174.570019
10.346604   172.851853
10.361604   175.620141
10.376604   185.103441
END PITCH
0.14647189692824192	4Y
Time_s   F0_Hz
10.792285   --undefined--
10.807285   210.744710
10.822285   198.574892
10.837285   190.037190
10.852285   188.964868
10.867285   186.708725
10.882285   183.301069
10.897285   178.804017
10.912285   172.666490
10.927285   169.020094
END PITCH
0.4643403392804917	3Y
Time_s   F0_Hz
10.940193   --undefined--
10.955193   183.041084
10.970193   187.133098
10.985193   --undefined--
11.000193   --undefined--
11.015193   --undefined--
11.030193   --undefined--
11.045193   --undefined--
11.060193   --undefined--
11.075193   --undefined--
11.090193   79.475464
11.105193   82.393680
11.120193   78.085230
11.135193   76.382787
11.150193   75.983714
11.165193   --undefined--
11.180193   --undefined--
11.195193   72.635106
11.210193   74.837851
11.225193   73.729795
11.240193   71.288640
11.255193   69.333367
11.270193   66.141850
11.285193   64.031758
11.300193   64.607426
11.315193   65.133841
11.330193   66.418556
11.345193   69.278357
11.360193   146.878154
11.375193   151.899650
11.390193   154.636034
END PITCH
0.12400889309170893	3Y
Time_s   F0_Hz
12.164546   --undefined--
12.179546   --undefined--
12.194546   --undefined--
12.209546   --undefined--
12.224546   150.724558
12.239546   149.351524
12.254546   148.238757
12.269546   145.987303
12.284546   144.205869
END PITCH
0.4359911069082898	4N
Time_s   F0_Hz
12.287046   144.245968
12.302046   147.275963
12.317046   154.002683
12.332046   154.178400
12.347046   --undefined--
12.362046   --undefined--
12.377046   --undefined--
12.392046   205.375391
12.407046   195.688283
12.422046   190.761809
12.437046   185.840668
12.452046   182.881329
12.467046   181.467390
12.482046   179.462016
12.497046   176.712295
12.512046   172.986982
12.527046   170.043601
12.542046   165.873377
12.557046   158.824827
12.572046   150.900287
12.587046   143.333677
12.602046   140.146576
12.617046   141.687816
12.632046   145.362417
12.647046   145.551808
12.662046   145.150994
12.677046   146.688558
12.692046   --undefined--
12.707046   --undefined--
12.722046   --undefined--
END PITCH
0.11375175492417355	2N
Time_s   F0_Hz
13.206922   159.731081
13.221922   147.286477
13.236922   139.529060
13.251922   139.020807
13.266922   133.181269
13.281922   132.129397
13.296922   135.307705
13.311922   135.810594
END PITCH
0.494248245075827	4Y
Time_s   F0_Hz
13.323424   127.318306
13.338424   126.105571
13.353424   129.425347
13.368424   129.847675
13.383424   133.976359
13.398424   142.981554
13.413424   151.425241
13.428424   151.833511
13.443424   147.946983
13.458424   145.130342
13.473424   142.496717
13.488424   139.938224
13.503424   138.542597
13.518424   137.961040
13.533424   137.537201
13.548424   136.105499
13.563424   134.261259
13.578424   132.792000
13.593424   131.592900
13.608424   130.458404
13.623424   129.615334
13.638424   65.526146
13.653424   66.743655
13.668424   63.330099
13.683424   65.459767
13.698424   64.676554
13.713424   65.742092
13.728424   132.766133
13.743424   136.142623
13.758424   134.345130
13.773424   134.360768
13.788424   137.634138
13.803424   151.474436
END PITCH
0.07251717147262049	2N
Time_s   F0_Hz
15.119977   --undefined--
15.134977   --undefined--
15.149977   145.586471
15.164977   143.443924
15.179977   138.950546
END PITCH
0.11508159820654917	4Y
Time_s   F0_Hz
15.191276   135.091137
15.206276   134.687195
15.221276   138.844856
15.236276   147.385461
15.251276   156.651178
15.266276   165.945715
15.281276   169.207530
15.296276   165.656146
END PITCH
0.2727276231470288	1Y
Time_s   F0_Hz
15.302676   164.557388
15.317676   167.157931
15.332676   173.338639
15.347676   172.260955
15.362676   165.953873
15.377676   --undefined--
15.392676   186.941022
15.407676   177.030504
15.422676   169.311501
15.437676   171.195382
15.452676   177.232746
15.467676   178.203406
15.482676   178.158845
15.497676   179.067131
15.512676   180.854466
15.527676   181.349501
15.542676   179.994680
15.557676   177.594880
15.572676   172.556349
END PITCH
0.18129292868155034	4Y
Time_s   F0_Hz
15.574683   171.824167
15.589683   172.040772
15.604683   174.296465
15.619683   176.079457
15.634683   --undefined--
15.649683   247.177074
15.664683   234.500792
15.679683   233.102303
15.694683   232.264198
15.709683   227.383730
15.724683   218.119377
15.739683   209.038398
15.754683   198.258830
END PITCH
0.193904610676789	3N
Time_s   F0_Hz
15.762279   192.718051
15.777279   185.421223
15.792279   197.680252
15.807279   201.878231
15.822279   --undefined--
15.837279   --undefined--
15.852279   --undefined--
15.867279   148.785344
15.882279   155.882803
15.897279   153.710154
15.912279   144.609378
15.927279   139.927521
15.942279   139.647744
END PITCH
0.11192867770774129	5Y
Time_s   F0_Hz
15.952693   141.016157
15.967693   139.632402
15.982693   141.378872
15.997693   145.765549
16.012693   147.867325
16.027693   148.176456
16.042693   147.833216
16.057693   149.824020
END PITCH
0.4161855058428614	3Y
Time_s   F0_Hz
16.066752   149.151119
16.081752   144.319705
16.096752   144.456719
16.111752   --undefined--
16.126752   --undefined--
16.141752   --undefined--
16.156752   --undefined--
16.171752   --undefined--
16.186752   --undefined--
16.201752   --undefined--
16.216752   --undefined--
16.231752   --undefined--
16.246752   --undefined--
16.261752   --undefined--
16.276752   --undefined--
16.291752   --undefined--
16.306752   --undefined--
16.321752   --undefined--
16.336752   --undefined--
16.351752   --undefined--
16.366752   --undefined--
16.381752   --undefined--
16.396752   --undefined--
16.411752   130.312704
16.426752   132.635248
16.441752   133.436731
16.456752   133.307459
16.471752   123.848645
END PITCH
0.0810891564619638	3Y
Time_s   F0_Hz
16.837602   --undefined--
16.852602   --undefined--
16.867602   149.199174
16.882602   142.666974
16.897602   142.431870
16.912602   143.449841
END PITCH
0.33081738060982957	4Y
Time_s   F0_Hz
16.916054   143.210819
16.931054   --undefined--
16.946054   --undefined--
16.961054   --undefined--
16.976054   173.254184
16.991054   169.935338
17.006054   166.934800
17.021054   164.125646
17.036054   162.399975
17.051054   160.410401
17.066054   158.628400
17.081054   158.222280
17.096054   --undefined--
17.111054   --undefined--
17.126054   --undefined--
17.141054   --undefined--
17.156054   --undefined--
17.171054   --undefined--
17.186054   238.109487
17.201054   232.977214
17.216054   --undefined--
17.231054   --undefined--
17.246054   --undefined--
END PITCH
0.10009346292820709	3Y
Time_s   F0_Hz
17.251508   189.556650
17.266508   185.900833
17.281508   178.127154
17.296508   167.332073
17.311508   158.740623
17.326508   150.205965
17.341508   149.296764
END PITCH
0.16000000000000014	4Y
Time_s   F0_Hz
17.351553   --undefined--
17.366553   --undefined--
17.381553   --undefined--
17.396553   --undefined--
17.411553   81.776594
17.426553   81.503026
17.441553   80.901252
17.456553   --undefined--
17.471553   153.490870
17.486553   155.060694
17.501553   --undefined--
END PITCH
0.07277892146137788	4Y
Time_s   F0_Hz
17.512937   --undefined--
17.527937   --undefined--
17.542937   --undefined--
17.557937   --undefined--
17.572937   --undefined--
END PITCH
0.2472210785386224	4N
Time_s   F0_Hz
17.582937   184.542702
17.597937   181.302292
17.612937   177.059429
17.627937   174.181293
17.642937   169.592711
17.657937   166.251603
17.672937   163.474416
17.687937   161.296852
17.702937   159.737619
17.717937   158.480719
17.732937   157.792011
17.747937   157.130724
17.762937   156.361145
17.777937   155.788615
17.792937   154.281903
17.807937   152.276474
17.822937   --undefined--
END PITCH
0.17895437673319847	2N
Time_s   F0_Hz
18.473532   --undefined--
18.488532   --undefined--
18.503532   --undefined--
18.518532   --undefined--
18.533532   151.836525
18.548532   147.757730
18.563532   145.286533
18.578532   146.216266
18.593532   149.704239
18.608532   154.391222
18.623532   159.273456
18.638532   164.384921
END PITCH
0.15704562326680005	4Y
Time_s   F0_Hz
18.649036   166.173036
18.664036   160.618514
18.679036   156.260427
18.694036   --undefined--
18.709036   --undefined--
18.724036   271.173354
18.739036   260.587039
18.754036   249.660056
18.769036   238.455882
18.784036   217.730411
18.799036   215.619219
END PITCH
0.09361155638855934	5Y
Time_s   F0_Hz
18.804354   214.337006
18.819354   210.420935
18.834354   197.512480
18.849354   186.226695
18.864354   175.326327
18.879354   166.606302
18.894354   165.580207
END PITCH
0.16710478643690863	4Y
Time_s   F0_Hz
18.897217   --undefined--
18.912217   --undefined--
18.927217   --undefined--
18.942217   --undefined--
18.957217   --undefined--
18.972217   76.074117
18.987217   74.423479
19.002217   73.399401
19.017217   73.818226
19.032217   73.434637
19.047217   142.693129
19.062217   138.030035
END PITCH
0.13376678763106042	4Y
Time_s   F0_Hz
19.070147   135.509908
19.085147   --undefined--
19.100147   --undefined--
19.115147   --undefined--
19.130147   --undefined--
19.145147   --undefined--
19.160147   --undefined--
19.175147   --undefined--
19.190147   --undefined--
END PITCH
0.050553182099083216	1Y
Time_s   F0_Hz
19.199813   --undefined--
19.214813   --undefined--
19.229813   --undefined--
19.244813   --undefined--
END PITCH
