#Each entry contains the duration of a syllable (in seconds), an optional label, and a pitch time series.
0.13070012024207156	NONE
Time_s   F0_Hz
0.988095   --undefined--
1.003095   --undefined--
1.018095   218.575356
1.033095   214.332977
1.048095   208.842000
1.063095   203.664590
1.078095   201.911088
1.093095   197.596566
1.108095   194.824948
END PITCH
0.37957408833786643	NONE
Time_s   F0_Hz
1.115731   198.391256
1.130731   204.216992
1.145731   201.336954
1.160731   214.264838
1.175731   215.986072
1.190731   214.483466
1.205731   211.874536
1.220731   209.134418
1.235731   208.452427
1.250731   208.775317
1.265731   208.877048
1.280731   211.076189
1.295731   214.857352
1.310731   219.625757
1.325731   223.509958
1.340731   226.728236
1.355731   224.352602
1.370731   213.826946
1.385731   207.801387
1.400731   219.557206
1.415731   225.099273
1.430731   226.674727
1.445731   220.392824
1.460731   --undefined--
1.475731   --undefined--
1.490731   --undefined--
END PITCH
0.10805393755603498	3Y	
Time_s   F0_Hz
1.494541   --undefined--
1.509541   --undefined--
1.524541   --undefined--
1.539541   --undefined--
1.554541   --undefined--
1.569541   203.137749
1.584541   207.069286
1.599541   201.052504
END PITCH
0.16567185386402694	1Y
Time_s   F0_Hz
1.601412   200.368878
1.616412   202.376995
1.631412   205.298082
1.646412   203.826128
1.661412   204.574232
1.676412   250.611171
1.691412   260.254669
1.706412   269.905188
1.721412   280.661811
1.736412   282.871293
1.751412   271.314875
1.766412   261.769205
END PITCH
0.2180581551490719	4Y
Time_s   F0_Hz
1.770782   262.714702
1.785782   295.623679
1.800782   308.008703
1.815782   313.750588
1.830782   313.327669
1.845782   309.754378
1.860782   306.464131
1.875782   303.405662
1.890782   298.917747
1.905782   291.174616
1.920782   285.668045
1.935782   282.267621
1.950782   272.800018
1.965782   263.376289
1.980782   255.433576
END PITCH
0.19705114569323823	NONE
Time_s   F0_Hz
1.985833   253.467356
2.000833   270.958580
2.015833   276.240509
2.030833   252.925728
2.045833   250.774850
2.060833   225.217006
2.075833   216.279682
2.090833   208.304642
2.105833   201.744194
2.120833   198.857378
2.135833   196.495553
2.150833   193.595167
2.165833   192.167609
2.180833   190.688469
END PITCH
0.11082455133952296	NONE
Time_s   F0_Hz
2.184768   190.583244
2.199768   195.013164
2.214768   200.325483
2.229768   206.061824
2.244768   209.031322
2.259768   208.752906
2.274768   209.642932
2.289768   205.097304
END PITCH
0.22580502335427832	2N
Time_s   F0_Hz
2.293078   202.711669
2.308078   197.470801
2.323078   198.414007
2.338078   207.902849
2.353078   210.950081
2.368078   208.952215
2.383078   205.939668
2.398078   202.325441
2.413078   199.910600
2.428078   199.207051
2.443078   202.626639
2.458078   207.247773
2.473078   213.026302
2.488078   225.940211
2.503078   233.029999
2.518078   240.522072
END PITCH
0.44826112446388855	4Y
Time_s   F0_Hz
2.525119   239.640131
2.540119   228.782902
2.555119   229.481667
2.570119   233.414297
2.585119   232.125690
2.600119   --undefined--
2.615119   301.483739
2.630119   300.755067
2.645119   297.310679
2.660119   294.671885
2.675119   293.761661
2.690119   293.525185
2.705119   293.212908
2.720119   292.223253
2.735119   290.773396
2.750119   289.819032
2.765119   288.162556
2.780119   284.876547
2.795119   279.218858
2.810119   276.361906
2.825119   274.743130
2.840119   268.408366
2.855119   259.769134
2.870119   255.680244
2.885119   248.595883
2.900119   240.304324
2.915119   233.628601
2.930119   230.446569
2.945119   228.358718
2.960119   220.696885
END PITCH
0.11909720891301445	4Y
Time_s   F0_Hz
2.973804   230.490137
2.988804   241.094666
3.003804   237.484497
3.018804   234.819563
3.033804   229.557301
3.048804   226.745660
3.063804   221.941011
3.078804   217.444840
END PITCH
0.4432982053580927	5Y
Time_s   F0_Hz
3.089994   218.133977
3.104994   221.272331
3.119994   223.996880
3.134994   227.132614
3.149994   221.564612
3.164994   214.017540
3.179994   208.211103
3.194994   207.034946
3.209994   206.486093
3.224994   206.738238
3.239994   205.377644
3.254994   204.236728
3.269994   204.629019
3.284994   204.498923
3.299994   203.976405
3.314994   203.555981
3.329994   203.740624
3.344994   202.892460
3.359994   202.749464
3.374994   203.230904
3.389994   203.010130
3.404994   203.441166
3.419994   203.882626
3.434994   204.117977
3.449994   204.352990
3.464994   204.832250
3.479994   204.270924
3.494994   201.129469
3.509994   198.618337
3.524994   200.569989
END PITCH
0.24990793137351597	NONE
Time_s   F0_Hz
3.534093   201.780969
3.549093   202.418028
3.564093   201.220132
3.579093   200.398530
3.594093   202.343083
3.609093   202.067308
3.624093   199.095305
3.639093   191.703300
3.654093   --undefined--
3.669093   --undefined--
3.684093   --undefined--
3.699093   --undefined--
3.714093   --undefined--
3.729093   --undefined--
3.744093   --undefined--
3.759093   --undefined--
3.774093   --undefined--
END PITCH
0.15379506052214476	NONE
Time_s   F0_Hz
3.780952   --undefined--
3.795952   --undefined--
3.810952   --undefined--
3.825952   160.119203
3.840952   157.431510
3.855952   156.087257
3.870952   155.707581
3.885952   158.809496
3.900952   165.914197
3.915952   168.800273
3.930952   167.354307
END PITCH
0.14961314430835593	NONE
Time_s   F0_Hz
3.940153   166.739889
3.955153   173.740725
3.970153   184.660838
3.985153   195.473243
4.000153   192.816412
4.015153   185.484475
4.030153   182.843549
4.045153   191.688848
4.060153   198.142460
4.075153   200.097359
END PITCH
0.1421877936724627	4Y
Time_s   F0_Hz
4.086049   202.073486
4.101049   199.375725
4.116049   210.438597
4.131049   246.587210
4.146049   258.050496
4.161049   262.838307
4.176049   260.006186
4.191049   255.011824
4.206049   254.897756
4.221049   251.537988
END PITCH
0.15792498565882074	4Y
Time_s   F0_Hz
4.228605   250.115693
4.243605   253.318439
4.258605   256.582234
4.273605   260.624570
4.288605   263.185772
4.303605   268.608871
4.318605   269.097297
4.333605   258.225084
4.348605   249.757288
4.363605   245.603976
4.378605   248.739568
END PITCH
0.34078549536903324	4Y
Time_s   F0_Hz
4.387959   258.237224
4.402959   263.168267
4.417959   252.391497
4.432959   250.851656
4.447959   259.003489
4.462959   266.121795
4.477959   275.705329
4.492959   279.151148
4.507959   282.115359
4.522959   286.313689
4.537959   288.132710
4.552959   289.412132
4.567959   289.593900
4.582959   286.780053
4.597959   283.289617
4.612959   277.313192
4.627959   274.788171
4.642959   272.723873
4.657959   263.470020
4.672959   251.348302
4.687959   243.412637
4.702959   231.792015
4.717959   225.331074
END PITCH
0.18842961642104683	NONE
Time_s   F0_Hz
4.727574   221.592216
4.742574   221.111304
4.757574   220.033449
4.772574   218.353783
4.787574   213.725015
4.802574   214.277549
4.817574   215.348444
4.832574   215.834688
4.847574   215.021251
4.862574   212.834008
4.877574   209.352313
4.892574   207.863432
4.907574   212.538364
END PITCH
0.16696055840351232	NONE
Time_s   F0_Hz
4.912772   213.521031
4.927772   213.438926
4.942772   210.231879
4.957772   204.948641
4.972772   203.181515
4.987772   201.750773
5.002772   200.581644
5.017772   200.321382
5.032772   198.419620
5.047772   199.174186
5.062772   201.608583
5.077772   201.526887
END PITCH
0.12603090739770195	NONE
Time_s   F0_Hz
5.081769   201.033661
5.096769   201.079903
5.111769   202.343322
5.126769   189.821148
5.141769   183.465584
5.156769   175.359985
5.171769   171.131898
5.186769   186.513393
5.201769   188.320668
END PITCH
0.1619690926022983	NONE
Time_s   F0_Hz
5.210771   189.658426
5.225771   --undefined--
5.240771   149.585281
5.255771   146.870232
5.270771   149.035307
5.285771   154.108496
5.300771   --undefined--
5.315771   99.907049
5.330771   99.167390
5.345771   99.165273
5.360771   102.185379
END PITCH
0.14400000000000013	1Y
Time_s   F0_Hz
5.371253   --undefined--
5.386253   249.958904
5.401253   248.775367
5.416253   244.151989
5.431253   233.143565
5.446253   222.163797
5.461253   226.458646
5.476253   231.715525
5.491253   231.395541
5.506253   230.131045
END PITCH
0.4755869972792013	1Y
Time_s   F0_Hz
5.516037   229.540532
5.531037   --undefined--
5.546037   --undefined--
5.561037   --undefined--
5.576037   --undefined--
5.591037   272.068488
5.606037   273.933400
5.621037   276.219359
5.636037   276.621985
5.651037   274.548847
5.666037   272.963899
5.681037   271.899849
5.696037   270.191506
5.711037   269.872820
5.726037   271.460873
5.741037   272.403938
5.756037   272.654618
5.771037   272.659753
5.786037   272.166817
5.801037   271.087661
5.816037   271.326090
5.831037   271.720137
5.846037   270.910818
5.861037   270.304766
5.876037   269.941199
5.891037   270.373065
5.906037   272.309712
5.921037   275.591963
5.936037   282.030400
5.951037   287.482828
5.966037   283.132880
5.981037   278.100108
END PITCH
0.18008989592672542	1Y
Time_s   F0_Hz
6.363741   --undefined--
6.378741   266.725889
6.393741   260.198055
6.408741   264.994295
6.423741   277.178540
6.438741   288.118881
6.453741   291.208615
6.468741   283.859274
6.483741   280.543296
6.498741   276.994693
6.513741   274.254973
6.528741   271.399855
6.543741   269.104114
END PITCH
0.1349688249854104	5Y
Time_s   F0_Hz
6.551270   263.157805
6.566270   255.806290
6.581270   244.927904
6.596270   225.670287
6.611270   210.170989
6.626270   207.826834
6.641270   206.434357
6.656270   208.394357
6.671270   222.789233
END PITCH
0.22399999999999842	4Y
Time_s   F0_Hz
6.685748   222.635979
6.700748   215.514425
6.715748   204.362214
6.730748   194.268669
6.745748   187.543511
6.760748   181.477693
6.775748   175.756272
6.790748   173.891686
6.805748   169.048237
6.820748   164.243653
6.835748   158.766952
6.850748   154.597442
6.865748   153.184082
6.880748   147.412616
6.895748   145.770350
END PITCH
0.13470161617643672	5Y
Time_s   F0_Hz
6.910102   145.892178
6.925102   142.897889
6.940102   141.651065
6.955102   139.164717
6.970102   129.447732
6.985102   --undefined--
7.000102   --undefined--
7.015102   --undefined--
7.030102   --undefined--
END PITCH
