#Each entry contains the duration of a syllable (in seconds), an optional label, and a pitch time series.
0.33612862896345264	3Y
Time_s   F0_Hz
0.568900   196.089846
0.583900   199.759892
0.598900   207.087597
0.613900   210.989124
0.628900   214.768475
0.643900   219.630631
0.658900   223.532070
0.673900   225.903273
0.688900   225.580809
0.703900   223.450147
0.718900   221.724996
0.733900   220.229866
0.748900   221.689242
0.763900   228.804473
0.778900   233.047468
0.793900   229.457526
0.808900   --undefined--
0.823900   --undefined--
0.838900   --undefined--
0.853900   --undefined--
0.868900   --undefined--
0.883900   --undefined--
0.898900   --undefined--
END PITCH
0.15948960455918926	3Y
Time_s   F0_Hz
0.906712   --undefined--
0.921712   --undefined--
0.936712   --undefined--
0.951712   --undefined--
0.966712   --undefined--
0.981712   190.338829
0.996712   180.160294
1.011712   178.268428
1.026712   175.236337
1.041712   171.646759
1.056712   --undefined--
END PITCH
0.14577006868313003	5Y
Time_s   F0_Hz
1.066831   208.211130
1.081831   208.040622
1.096831   183.532695
1.111831   178.157076
1.126831   175.671855
1.141831   174.601460
1.156831   174.866677
1.171831   178.018565
1.186831   180.238820
1.201831   185.096346
END PITCH
0.3275539190409156	5Y
Time_s   F0_Hz
1.213498   194.892595
1.228498   210.727882
1.243498   218.120603
1.258498   220.682756
1.273498   217.050522
1.288498   217.725926
1.303498   221.486152
1.318498   224.429483
1.333498   227.648149
1.348498   232.121224
1.363498   237.219823
1.378498   241.535528
1.393498   245.195312
1.408498   250.308798
1.423498   256.848115
1.438498   261.358431
1.453498   264.187526
1.468498   268.646127
1.483498   263.262177
1.498498   247.773110
1.513498   246.641398
1.528498   --undefined--
END PITCH
0.18708137800956903	1N
Time_s   F0_Hz
1.704671   --undefined--
1.719671   233.563439
1.734671   224.388032
1.749671   219.714211
1.764671   218.376433
1.779671   219.803854
1.794671   220.946451
1.809671   220.757960
1.824671   220.111299
1.839671   218.774687
1.854671   216.876649
1.869671   215.500397
1.884671   218.532071
END PITCH
0.32397133337363937	1N
Time_s   F0_Hz
1.892693   219.561389
1.907693   218.715913
1.922693   218.878551
1.937693   219.462529
1.952693   220.105875
1.967693   220.450728
1.982693   220.906491
1.997693   221.422534
2.012693   221.548477
2.027693   221.616446
2.042693   221.544587
2.057693   221.477803
2.072693   220.914587
2.087693   219.971950
2.102693   219.096591
2.117693   218.237026
2.132693   217.491311
2.147693   219.717490
2.162693   225.017083
2.177693   226.997185
2.192693   226.260160
2.207693   223.554273
END PITCH
0.7249474872627601	4Y
Time_s   F0_Hz
2.930680   --undefined--
2.945680   --undefined--
2.960680   --undefined--
2.975680   --undefined--
2.990680   --undefined--
3.005680   --undefined--
3.020680   --undefined--
3.035680   --undefined--
3.050680   --undefined--
3.065680   227.995747
3.080680   220.898895
3.095680   217.164991
3.110680   216.359575
3.125680   215.863977
3.140680   215.119149
3.155680   214.700495
3.170680   213.908937
3.185680   212.821057
3.200680   211.901161
3.215680   211.419525
3.230680   210.823078
3.245680   209.348780
3.260680   208.116695
3.275680   207.699594
3.290680   207.009416
3.305680   205.440782
3.320680   204.129163
3.335680   203.013283
3.350680   202.640678
3.365680   202.361677
3.380680   202.134981
3.395680   202.261832
3.410680   202.544550
3.425680   202.823948
3.440680   202.400730
3.455680   201.391591
3.470680   200.213701
3.485680   199.477505
3.500680   199.129511
3.515680   197.672999
3.530680   195.783300
3.545680   194.522194
3.560680   193.735062
3.575680   191.534766
3.590680   188.267291
3.605680   186.190288
3.620680   186.339742
3.635680   190.583773
3.650680   --undefined--
END PITCH
0.18530794612088464	1Y
Time_s   F0_Hz
3.943923   --undefined--
3.958923   --undefined--
3.973923   --undefined--
3.988923   --undefined--
4.003923   --undefined--
4.018923   --undefined--
4.033923   --undefined--
4.048923   263.460687
4.063923   260.504237
4.078923   255.388463
4.093923   252.099673
4.108923   244.881303
4.123923   242.786189
END PITCH
0.27782060149020094	2N
Time_s   F0_Hz
4.130488   245.366907
4.145488   --undefined--
4.160488   --undefined--
4.175488   --undefined--
4.190488   --undefined--
4.205488   --undefined--
4.220488   --undefined--
4.235488   --undefined--
4.250488   --undefined--
4.265488   --undefined--
4.280488   216.720949
4.295488   213.486521
4.310488   206.933282
4.325488   200.921933
4.340488   199.111740
4.355488   199.617964
4.370488   201.091795
4.385488   204.027541
4.400488   209.228046
END PITCH
0.13891030074510002	5Y
Time_s   F0_Hz
4.406355   211.889230
4.421355   219.576770
4.436355   225.157891
4.451355   231.654176
4.466355   235.795551
4.481355   240.976312
4.496355   242.290598
4.511355   241.747749
4.526355   241.473128
4.541355   238.355529
END PITCH
0.5024780014606716	5Y
Time_s   F0_Hz
4.547046   238.861386
4.562046   240.629257
4.577046   242.716978
4.592046   243.590022
4.607046   242.464841
4.622046   238.702628
4.637046   234.848900
4.652046   233.612671
4.667046   233.049534
4.682046   228.711742
4.697046   224.002605
4.712046   222.321294
4.727046   222.814102
4.742046   222.514957
4.757046   221.229775
4.772046   221.347310
4.787046   221.431802
4.802046   221.503937
4.817046   221.350626
4.832046   221.144744
4.847046   220.958242
4.862046   220.142353
4.877046   219.294786
4.892046   218.787812
4.907046   218.707238
4.922046   218.415194
4.937046   218.256891
4.952046   220.491774
4.967046   225.885713
4.982046   227.603233
4.997046   225.797148
5.012046   222.772734
5.027046   220.297914
5.042046   --undefined--
END PITCH
0.20130256697206672	4Y
Time_s   F0_Hz
5.048929   222.543921
5.063929   --undefined--
5.078929   --undefined--
5.093929   --undefined--
5.108929   --undefined--
5.123929   --undefined--
5.138929   --undefined--
5.153929   --undefined--
5.168929   --undefined--
5.183929   250.098666
5.198929   243.695679
5.213929   243.454688
5.228929   241.199923
5.243929   235.416088
END PITCH
0.19207350226483033	4N
Time_s   F0_Hz
5.253118   232.183692
5.268118   --undefined--
5.283118   --undefined--
5.298118   --undefined--
5.313118   264.123880
5.328118   254.165274
5.343118   249.687287
5.358118   250.078561
5.373118   250.020046
5.388118   251.127072
5.403118   252.456822
5.418118   252.211791
5.433118   249.231396
END PITCH
0.37728723659162977	5Y
Time_s   F0_Hz
5.440300   249.237834
5.455300   250.102847
5.470300   246.857474
5.485300   242.299014
5.500300   238.030036
5.515300   234.696744
5.530300   233.440327
5.545300   233.979322
5.560300   231.429190
5.575300   228.279552
5.590300   226.387489
5.605300   224.593823
5.620300   224.968563
5.635300   224.473630
5.650300   223.503592
5.665300   222.840108
5.680300   222.147772
5.695300   222.403457
5.710300   221.892572
5.725300   221.501687
5.740300   222.199890
5.755300   225.170748
5.770300   229.087415
5.785300   230.284781
5.800300   227.809029
5.815300   223.823328
END PITCH
0.08784331648893318	5Y
Time_s   F0_Hz
6.454632   --undefined--
6.469632   227.148556
6.484632   221.041885
6.499632   217.707138
6.514632   217.332697
6.529632   217.412236
END PITCH
0.09775169311692178	3Y
Time_s   F0_Hz
6.539932   217.171426
6.554932   219.594581
6.569932   221.648058
6.584932   222.810452
6.599932   223.825115
6.614932   223.913716
6.629932   223.465725
END PITCH
0.13719535876059297	3Y
Time_s   F0_Hz
6.634904   223.962073
6.649904   226.270641
6.664904   226.877347
6.679904   226.126149
6.694904   223.589307
6.709904   219.951391
6.724904   215.775638
6.739904   211.790527
6.754904   213.353787
6.769904   219.114588
END PITCH
0.3155493251493633	1Y
Time_s   F0_Hz
6.771276   219.664065
6.786276   219.412279
6.801276   216.523138
6.816276   210.226165
6.831276   --undefined--
6.846276   --undefined--
6.861276   --undefined--
6.876276   --undefined--
6.891276   --undefined--
6.906276   --undefined--
6.921276   --undefined--
6.936276   --undefined--
6.951276   247.654182
6.966276   240.797962
6.981276   239.459238
6.996276   240.253002
7.011276   240.308460
7.026276   238.416399
7.041276   236.648200
7.056276   235.929563
7.071276   235.046484
7.086276   232.110746
END PITCH
0.1217608809000259	2Y
Time_s   F0_Hz
7.087426   231.778597
7.102426   226.279545
7.117426   218.758355
7.132426   212.141397
7.147426   207.080925
7.162426   200.800578
7.177426   200.961432
7.192426   206.436604
7.207426   211.714337
END PITCH
0.359899425584163	4Y
Time_s   F0_Hz
7.215754   214.327081
7.230754   207.475190
7.245754   201.448392
7.260754   205.243547
7.275754   --undefined--
7.290754   207.735410
7.305754   203.415590
7.320754   196.638629
7.335754   193.190306
7.350754   191.688168
7.365754   189.899480
7.380754   187.574687
7.395754   185.772269
7.410754   185.388445
7.425754   184.251004
7.440754   186.048579
7.455754   185.356712
7.470754   186.173657
7.485754   186.408307
7.500754   194.390715
7.515754   197.453938
7.530754   197.160156
7.545754   197.360604
7.560754   196.067536
END PITCH
0.16634937249721915	3Y
Time_s   F0_Hz
7.989609   --undefined--
8.004609   --undefined--
8.019609   --undefined--
8.034609   --undefined--
8.049609   --undefined--
8.064609   --undefined--
8.079609   205.297133
8.094609   202.152980
8.109609   194.230257
8.124609   94.241328
8.139609   93.780902
8.154609   93.466920
END PITCH
0.10118157708593678	5Y
Time_s   F0_Hz
8.160873   93.466411
8.175873   93.784327
8.190873   94.572432
8.205873   95.987032
8.220873   97.000256
8.235873   99.793909
8.250873   100.012026
END PITCH
0.2397391979413257	5Y
Time_s   F0_Hz
8.263838   209.379464
8.278838   215.147064
8.293838   218.123255
8.308838   222.609036
8.323838   228.930823
8.338838   237.777890
8.353838   247.592169
8.368838   258.454464
8.383838   263.139778
8.398838   263.753173
8.413838   271.964460
8.428838   272.020128
8.443838   274.951562
8.458838   275.584794
8.473838   --undefined--
8.488838   --undefined--
END PITCH
