#Each entry contains the duration of a syllable (in seconds), an optional label, and a pitch time series.
0.1638461713799445	4Y
Time_s   F0_Hz
0.084229   --undefined--
0.099229   --undefined--
0.114229   --undefined--
0.129229   --undefined--
0.144229   --undefined--
0.159229   208.651101
0.174229   205.056573
0.189229   201.595843
0.204229   195.333564
0.219229   188.282660
0.234229   192.984733
END PITCH
0.20253207295576472	2N
Time_s   F0_Hz
0.244926   192.715704
0.259926   190.591150
0.274926   193.888376
0.289926   --undefined--
0.304926   --undefined--
0.319926   --undefined--
0.334926   --undefined--
0.349926   202.975532
0.364926   200.749269
0.379926   195.198913
0.394926   190.999874
0.409926   188.126901
0.424926   195.942984
0.439926   199.481386
END PITCH
0.23097758882033848	4N
Time_s   F0_Hz
0.446684   200.702507
0.461684   203.071139
0.476684   206.563777
0.491684   212.441570
0.506684   222.666996
0.521684   227.836303
0.536684   228.715692
0.551684   227.450838
0.566684   222.332083
0.581684   224.405381
0.596684   225.618814
0.611684   227.733112
0.626684   229.816083
0.641684   231.024780
0.656684   230.554996
0.671684   229.427323
END PITCH
0.13995193805370254	4Y
Time_s   F0_Hz
0.677149   229.737107
0.692149   228.707607
0.707149   227.163111
0.722149   227.031176
0.737149   220.992730
0.752149   215.232871
0.767149   210.119668
0.782149   202.496227
0.797149   195.375215
0.812149   192.155336
END PITCH
0.17408655709119103	4Y
Time_s   F0_Hz
0.819167   190.614418
0.834167   193.010441
0.849167   183.593648
0.864167   178.508071
0.879167   174.196027
0.894167   169.578040
0.909167   166.294343
0.924167   163.962654
0.939167   165.780025
0.954167   170.155590
0.969167   173.475322
0.984167   174.342469
END PITCH
0.22415066501284076	2N
Time_s   F0_Hz
0.995782   --undefined--
1.010782   --undefined--
1.025782   --undefined--
1.040782   --undefined--
1.055782   --undefined--
1.070782   --undefined--
1.085782   184.016549
1.100782   177.690214
1.115782   177.761512
1.130782   180.986315
1.145782   184.118743
1.160782   189.085350
1.175782   198.969378
1.190782   205.315482
1.205782   211.131071
END PITCH
0.18318912216785455	4Y
Time_s   F0_Hz
1.214444   214.598538
1.229444   218.362319
1.244444   219.511998
1.259444   218.797296
1.274444   217.550817
1.289444   212.933411
1.304444   206.948134
1.319444   200.529527
1.334444   194.917786
1.349444   193.962007
1.364444   204.065299
1.379444   212.322648
1.394444   209.022960
END PITCH
0.3199134037053637	1N
Time_s   F0_Hz
1.398498   208.730626
1.413498   --undefined--
1.428498   220.306580
1.443498   215.353823
1.458498   215.309309
1.473498   216.628984
1.488498   218.517212
1.503498   220.390202
1.518498   222.391290
1.533498   223.875020
1.548498   224.523845
1.563498   225.369064
1.578498   226.401268
1.593498   227.095374
1.608498   227.545853
1.623498   227.352080
1.638498   225.530833
1.653498   220.881224
1.668498   218.348911
1.683498   --undefined--
1.698498   --undefined--
1.713498   --undefined--
END PITCH
0.3039999999999998	4Y
Time_s   F0_Hz
2.117959   241.943312
2.132959   227.895867
2.147959   218.645017
2.162959   216.696847
2.177959   226.309021
2.192959   243.741717
2.207959   259.750643
2.222959   262.822734
2.237959   257.561776
2.252959   253.327592
2.267959   246.906043
2.282959   235.742908
2.297959   221.732534
2.312959   210.185256
2.327959   198.502548
2.342959   192.594855
2.357959   189.803167
2.372959   184.026044
2.387959   178.177153
2.402959   182.709664
2.417959   186.793436
END PITCH
0.48866513497457564	3N
Time_s   F0_Hz
2.424286   187.307960
2.439286   197.211297
2.454286   192.188484
2.469286   179.325823
2.484286   168.141213
2.499286   --undefined--
2.514286   --undefined--
2.529286   --undefined--
2.544286   --undefined--
2.559286   --undefined--
2.574286   --undefined--
2.589286   --undefined--
2.604286   --undefined--
2.619286   --undefined--
2.634286   --undefined--
2.649286   --undefined--
2.664286   --undefined--
2.679286   130.934703
2.694286   137.212304
2.709286   138.167932
2.724286   137.595905
2.739286   139.676347
2.754286   144.437387
2.769286   151.778911
2.784286   158.198743
2.799286   162.368754
2.814286   163.290169
2.829286   164.895124
2.844286   171.429808
2.859286   176.967209
2.874286   183.473565
2.889286   190.249731
2.904286   188.361106
END PITCH
0.11446957460573026	4Y
Time_s   F0_Hz
2.913350   --undefined--
2.928350   --undefined--
2.943350   --undefined--
2.958350   184.482133
2.973350   190.691043
2.988350   196.004623
3.003350   195.585665
3.018350   189.881900
END PITCH
0.2343910507240876	2Y
Time_s   F0_Hz
3.027783   183.624071
3.042783   182.317134
3.057783   182.858372
3.072783   184.760236
3.087783   191.263910
3.102783   201.813643
3.117783   190.792523
3.132783   183.321265
3.147783   188.750000
3.162783   197.549828
3.177783   202.858689
3.192783   207.961930
3.207783   216.232144
3.222783   220.758752
3.237783   218.594690
3.252783   215.955945
END PITCH
0.4130288903536101	3Y
Time_s   F0_Hz
3.261491   218.888208
3.276491   215.257592
3.291491   213.930528
3.306491   --undefined--
3.321491   --undefined--
3.336491   --undefined--
3.351491   --undefined--
3.366491   --undefined--
3.381491   --undefined--
3.396491   --undefined--
3.411491   --undefined--
3.426491   --undefined--
3.441491   --undefined--
3.456491   --undefined--
3.471491   --undefined--
3.486491   --undefined--
3.501491   --undefined--
3.516491   --undefined--
3.531491   --undefined--
3.546491   --undefined--
3.561491   126.404057
3.576491   125.192238
3.591491   126.266902
3.606491   130.707410
3.621491   133.817794
3.636491   142.331239
3.651491   146.993490
3.666491   150.885626
END PITCH
0.11967222377833231	4Y
Time_s   F0_Hz
3.936752   --undefined--
3.951752   --undefined--
3.966752   204.153998
3.981752   201.288720
3.996752   199.660390
4.011752   199.123680
4.026752   198.583056
4.041752   201.904865
END PITCH
0.1399519380537031	4Y
Time_s   F0_Hz
4.051570   202.795298
4.066570   206.164182
4.081570   202.220309
4.096570   218.569451
4.111570   213.498626
4.126570   209.900964
4.141570   209.198665
4.156570   209.931810
4.171570   209.073904
4.186570   206.217625
END PITCH
0.19115386660993483	1N
Time_s   F0_Hz
4.194615   205.234577
4.209615   206.927025
4.224615   --undefined--
4.239615   --undefined--
4.254615   --undefined--
4.269615   240.950612
4.284615   237.465146
4.299615   237.701777
4.314615   237.355640
4.329615   238.862093
4.344615   239.164469
4.359615   236.910981
4.374615   236.469792
END PITCH
0.1399519380537031	4Y
Time_s   F0_Hz
4.382659   236.200719
4.397659   234.419515
4.412659   231.549083
4.427659   228.100780
4.442659   221.840379
4.457659   210.004848
4.472659   195.563277
4.487659   187.338922
4.502659   181.998160
4.517659   176.232879
END PITCH
0.21163463803242877	2N
Time_s   F0_Hz
4.520952   175.606712
4.535952   183.452740
4.550952   191.315025
4.565952   --undefined--
4.580952   --undefined--
4.595952   --undefined--
4.610952   --undefined--
4.625952   164.609901
4.640952   161.551340
4.655952   157.390857
4.670952   155.157000
4.685952   155.068216
4.700952   155.295984
4.715952   157.005796
4.730952   159.018510
END PITCH
0.11378206345829422	4Y
Time_s   F0_Hz
4.736162   159.164095
4.751162   159.516979
4.766162   160.386482
4.781162   160.054613
4.796162   160.064665
4.811162   158.840893
4.826162   155.756473
4.841162   152.619228
END PITCH
0.28559297928032024	1N
Time_s   F0_Hz
4.845856   75.810618
4.860856   77.955036
4.875856   81.930109
4.890856   78.228567
4.905856   --undefined--
4.920856   --undefined--
4.935856   152.738282
4.950856   154.109141
4.965856   154.418098
4.980856   154.105326
4.995856   154.304631
5.010856   154.757814
5.025856   155.179283
5.040856   155.632290
5.055856   156.063209
5.070856   157.476513
5.085856   161.078169
5.100856   167.718367
5.115856   169.338186
5.130856   169.709632
END PITCH
0.1843165161251168	4Y
Time_s   F0_Hz
5.462109   --undefined--
5.477109   --undefined--
5.492109   --undefined--
5.507109   --undefined--
5.522109   224.033267
5.537109   218.031171
5.552109   212.483834
5.567109   207.728312
5.582109   200.279624
5.597109   194.455353
5.612109   189.054189
5.627109   186.747147
5.642109   182.594707
END PITCH
0.22642630628200688	4Y
Time_s   F0_Hz
5.644983   181.563900
5.659983   184.091569
5.674983   196.014426
5.689983   199.670983
5.704983   197.671498
5.719983   193.238497
5.734983   186.691161
5.749983   180.411047
5.764983   178.417905
5.779983   175.257659
5.794983   170.507561
5.809983   168.143364
5.824983   165.090950
5.839983   162.114453
5.854983   161.112124
5.869983   --undefined--
END PITCH
0.4175801728919417	3N
Time_s   F0_Hz
5.876990   --undefined--
5.891990   --undefined--
5.906990   --undefined--
5.921990   --undefined--
5.936990   --undefined--
5.951990   --undefined--
5.966990   --undefined--
5.981990   --undefined--
5.996990   --undefined--
6.011990   --undefined--
6.026990   --undefined--
6.041990   --undefined--
6.056990   --undefined--
6.071990   --undefined--
6.086990   --undefined--
6.101990   115.355455
6.116990   124.426403
6.131990   128.433717
6.146990   131.025885
6.161990   134.056877
6.176990   72.584537
6.191990   74.389029
6.206990   76.065709
6.221990   77.121571
6.236990   77.330900
6.251990   156.664092
6.266990   155.561560
6.281990   152.046227
END PITCH
0.18432694280243833	4N
Time_s   F0_Hz
6.392472   --undefined--
6.407472   --undefined--
6.422472   --undefined--
6.437472   --undefined--
6.452472   --undefined--
6.467472   204.942835
6.482472   206.388558
6.497472   202.867787
6.512472   193.764776
6.527472   195.736588
6.542472   193.930685
6.557472   194.003058
6.572472   199.152464
END PITCH
0.13653847614995307	4Y
Time_s   F0_Hz
6.575402   199.884378
6.590402   192.597418
6.605402   182.345232
6.620402   180.112469
6.635402   179.981715
6.650402   179.071935
6.665402   178.308715
6.680402   183.357173
6.695402   182.977244
6.710402   187.997828
END PITCH
0.15815706820703035	4Y
Time_s   F0_Hz
6.715261   --undefined--
6.730261   --undefined--
6.745261   --undefined--
6.760261   --undefined--
6.775261   195.045673
6.790261   189.422875
6.805261   185.510759
6.820261   183.565441
6.835261   184.491159
6.850261   188.091840
6.865261   195.076037
END PITCH
0.06395064007354279	1Y
Time_s   F0_Hz
6.871315   198.429702
6.886315   203.269909
6.901315   204.757862
6.916315   206.715019
6.931315   206.818442
END PITCH
0.11354937892139727	4Y
Time_s   F0_Hz
6.937557   205.711411
6.952557   206.870840
6.967557   202.128798
6.982557   207.624740
6.997557   197.581482
7.012557   186.518090
7.027557   174.790982
7.042557   171.445105
END PITCH
0.2776282348382386	2N
Time_s   F0_Hz
7.050646   170.934367
7.065646   167.438424
7.080646   164.608873
7.095646   158.998279
7.110646   154.667116
7.125646   152.258763
7.140646   150.469051
7.155646   147.886588
7.170646   144.474660
7.185646   72.006630
7.200646   74.175082
7.215646   74.710782
7.230646   74.783761
7.245646   75.063369
7.260646   76.285368
7.275646   77.745470
7.290646   77.592883
7.305646   76.032745
7.320646   74.795497
END PITCH
0.14791668249578382	4Y
Time_s   F0_Hz
7.330924   75.612008
7.345924   --undefined--
7.360924   --undefined--
7.375924   78.929087
7.390924   78.518476
7.405924   79.803068
7.420924   78.202096
7.435924   78.124660
7.450924   79.579702
7.465924   79.857426
END PITCH
0.2478694432418651	4Y
Time_s   F0_Hz
7.476315   156.427779
7.491315   152.458158
7.506315   158.260964
7.521315   166.660322
7.536315   162.781232
7.551315   166.165446
7.566315   161.147465
7.581315   160.618735
7.596315   160.712665
7.611315   160.955197
7.626315   --undefined--
7.641315   --undefined--
7.656315   --undefined--
7.671315   --undefined--
7.686315   --undefined--
7.701315   --undefined--
7.716315   --undefined--
END PITCH
