#Each entry contains the duration of a syllable (in seconds), an optional label, and a pitch time series.
0	1Y
Time_s   F0_Hz
0   --undefined--
END PITCH
0.4689635229091639	1Y
Time_s   F0_Hz
0.215198   227.895778
0.230198   226.314497
0.245198   221.851939
0.260198   221.707832
0.275198   237.319738
0.290198   235.885544
0.305198   231.128322
0.320198   227.089414
0.335198   224.255181
0.350198   222.136646
0.365198   220.140269
0.380198   219.262303
0.395198   218.058402
0.410198   216.899314
0.425198   215.589904
0.440198   215.049018
0.455198   214.013670
0.470198   213.655776
0.485198   212.187109
0.500198   211.101821
0.515198   212.266619
0.530198   214.350429
0.545198   215.772936
0.560198   217.557969
0.575198   221.495977
0.590198   224.249242
0.605198   223.531695
0.620198   221.837015
0.635198   222.139741
0.650198   221.044584
0.665198   217.939224
0.680198   --undefined--
END PITCH
0.22115002250900384	1Y
Time_s   F0_Hz
0.687755   --undefined--
0.702755   --undefined--
0.717755   --undefined--
0.732755   --undefined--
0.747755   --undefined--
0.762755   219.500367
0.777755   223.930017
0.792755   221.924388
0.807755   216.739471
0.822755   212.419670
0.837755   211.667333
0.852755   210.440536
0.867755   208.849455
0.882755   209.491881
0.897755   209.140198
END PITCH
0.23369754151660682	1Y
Time_s   F0_Hz
0.907681   208.347031
0.922681   --undefined--
0.937681   222.565126
0.952681   216.122840
0.967681   213.196580
0.982681   209.640090
0.997681   207.570889
1.012681   206.407811
1.027681   204.927852
1.042681   202.819406
1.057681   201.261852
1.072681   202.967622
1.087681   203.196835
1.102681   201.360854
1.117681   199.387383
1.132681   197.100071
END PITCH
0.16092355246167656	4Y
Time_s   F0_Hz
1.243492   --undefined--
1.258492   --undefined--
1.273492   --undefined--
1.288492   216.205022
1.303492   211.137804
1.318492   209.889677
1.333492   --undefined--
1.348492   --undefined--
1.363492   --undefined--
1.378492   --undefined--
1.393492   --undefined--
END PITCH
0.20232874399759915	1Y
Time_s   F0_Hz
1.402625   --undefined--
1.417625   --undefined--
1.432625   --undefined--
1.447625   --undefined--
1.462625   224.405394
1.477625   220.936903
1.492625   212.120304
1.507625   209.449154
1.522625   210.644475
1.537625   209.706787
1.552625   207.651575
1.567625   201.896477
1.582625   201.570817
1.597625   205.845382
END PITCH
0.16782306672669067	4Y
Time_s   F0_Hz
1.602704   203.271401
1.617704   197.905150
1.632704   197.693328
1.647704   197.779342
1.662704   211.501564
1.677704   202.803617
1.692704   193.912659
1.707704   188.347793
1.722704   183.396911
1.737704   183.614827
1.752704   189.042956
1.767704   188.644641
END PITCH
0.49311587580963256	1Y
Time_s   F0_Hz
1.775669   189.099445
1.790669   --undefined--
1.805669   --undefined--
1.820669   --undefined--
1.835669   --undefined--
1.850669   --undefined--
1.865669   --undefined--
1.880669   --undefined--
1.895669   --undefined--
1.910669   --undefined--
1.925669   --undefined--
1.940669   --undefined--
1.955669   --undefined--
1.970669   --undefined--
1.985669   --undefined--
2.000669   --undefined--
2.015669   --undefined--
2.030669   216.982765
2.045669   214.588143
2.060669   201.647188
2.075669   186.048278
2.090669   182.341704
2.105669   183.037990
2.120669   184.542168
2.135669   185.363643
2.150669   184.146261
2.165669   184.815807
2.180669   189.083251
2.195669   197.056524
2.210669   201.444254
2.225669   187.933472
2.240669   191.775789
2.255669   193.089014
END PITCH
0.11911145207107454	1Y
Time_s   F0_Hz
2.635062   --undefined--
2.650062   219.299011
2.665062   218.413236
2.680062   209.511837
2.695062   205.048289
2.710062   202.434895
2.725062   198.224527
2.740062   195.865944
END PITCH
0.12861206982793139	1Y
Time_s   F0_Hz
2.751429   198.653158
2.766429   199.672385
2.781429   201.476455
2.796429   202.620852
2.811429   203.447575
2.826429   205.630377
2.841429   207.886560
2.856429   212.047272
2.871429   214.178092
END PITCH
0.3762764781009942	4Y
Time_s   F0_Hz
2.876378   212.643044
2.891378   206.795279
2.906378   208.829733
2.921378   206.780091
2.936378   201.813599
2.951378   --undefined--
2.966378   --undefined--
2.981378   231.179530
2.996378   226.283071
3.011378   223.461805
3.026378   218.108606
3.041378   206.906001
3.056378   200.384038
3.071378   196.619180
3.086378   190.200092
3.101378   188.304523
3.116378   191.663988
3.131378   189.321871
3.146378   185.991128
3.161378   186.681481
3.176378   --undefined--
3.191378   --undefined--
3.206378   --undefined--
3.221378   --undefined--
3.236378   --undefined--
3.251378   --undefined--
END PITCH
0.18541822625789495	1Y
Time_s   F0_Hz
3.254728   --undefined--
3.269728   --undefined--
3.284728   --undefined--
3.299728   --undefined--
3.314728   89.880579
3.329728   94.002939
3.344728   94.098483
3.359728   186.670296
3.374728   188.300101
3.389728   188.839302
3.404728   189.462900
3.419728   190.635838
3.434728   194.411607
END PITCH
0.16817795958963222	1Y
Time_s   F0_Hz
3.439019   96.996459
3.454019   96.389876
3.469019   96.428388
3.484019   96.283895
3.499019   96.840352
3.514019   97.133815
3.529019   97.326096
3.544019   96.756458
3.559019   97.024553
3.574019   97.261392
3.589019   96.230283
3.604019   94.832047
END PITCH
0.34191989295718317	4Y
Time_s   F0_Hz
3.611565   93.796356
3.626565   93.666299
3.641565   95.964421
3.656565   96.746373
3.671565   96.539273
3.686565   --undefined--
3.701565   --undefined--
3.716565   221.732557
3.731565   213.275212
3.746565   205.767024
3.761565   100.630914
3.776565   100.310294
3.791565   97.885867
3.806565   93.782811
3.821565   --undefined--
3.836565   --undefined--
3.851565   --undefined--
3.866565   --undefined--
3.881565   --undefined--
3.896565   --undefined--
3.911565   --undefined--
3.926565   --undefined--
3.941565   --undefined--
END PITCH
0.13897392464510805	3Y
Time_s   F0_Hz
4.238112   --undefined--
4.253112   229.962838
4.268112   225.909175
4.283112   220.442301
4.298112   215.028346
4.313112   208.193656
4.328112   205.489442
4.343112   208.425035
4.358112   211.104097
4.373112   207.327048
END PITCH
0.1740968262304925	1N
Time_s   F0_Hz
4.379643   --undefined--
4.394643   --undefined--
4.409643   --undefined--
4.424643   --undefined--
4.439643   243.516164
4.454643   243.381138
4.469643   245.608833
4.484643   251.492782
4.499643   255.822136
4.514643   254.438254
4.529643   251.304858
4.544643   244.952351
END PITCH
0.5395433173269302	1N
Time_s   F0_Hz
4.556457   237.964337
4.571457   235.982117
4.586457   233.354071
4.601457   236.041085
4.616457   --undefined--
4.631457   --undefined--
4.646457   254.960022
4.661457   262.646706
4.676457   263.878864
4.691457   260.868212
4.706457   257.747128
4.721457   255.765148
4.736457   253.575935
4.751457   251.232715
4.766457   250.652047
4.781457   250.728041
4.796457   249.741767
4.811457   248.187095
4.826457   247.828233
4.841457   247.863110
4.856457   247.584011
4.871457   246.974981
4.886457   246.882651
4.901457   247.628838
4.916457   247.181044
4.931457   246.397252
4.946457   247.360683
4.961457   248.614181
4.976457   251.614462
4.991457   255.826883
5.006457   258.166701
5.021457   254.486523
5.036457   245.900308
5.051457   238.893166
5.066457   238.744520
5.081457   239.988115
END PITCH
0.3339727609968195	4Y
Time_s   F0_Hz
5.090714   --undefined--
5.105714   --undefined--
5.120714   --undefined--
5.135714   --undefined--
5.150714   --undefined--
5.165714   --undefined--
5.180714   --undefined--
5.195714   --undefined--
5.210714   --undefined--
5.225714   --undefined--
5.240714   --undefined--
5.255714   --undefined--
5.270714   --undefined--
5.285714   --undefined--
5.300714   265.754227
5.315714   259.360657
5.330714   251.857835
5.345714   254.592566
5.360714   252.329854
5.375714   247.134272
5.390714   239.683133
5.405714   231.089844
5.420714   227.578299
END PITCH
0.3860819045427526	3N
Time_s   F0_Hz
5.428237   227.921922
5.443237   233.369491
5.458237   247.187812
5.473237   220.895174
5.488237   206.529916
5.503237   210.580444
5.518237   217.210664
5.533237   224.351261
5.548237   222.878508
5.563237   212.520655
5.578237   205.435320
5.593237   202.849758
5.608237   198.519758
5.623237   192.082238
5.638237   188.325464
5.653237   188.007689
5.668237   187.753459
5.683237   187.604998
5.698237   187.677052
5.713237   195.303677
5.728237   --undefined--
5.743237   --undefined--
5.758237   --undefined--
5.773237   --undefined--
5.788237   --undefined--
5.803237   --undefined--
END PITCH
0.09167076808426877	4Y
Time_s   F0_Hz
5.970476   --undefined--
5.985476   235.024717
6.000476   243.991052
6.015476   244.945474
6.030476   244.636380
6.045476   241.304343
6.060476   234.161128
END PITCH
0.2690704033843181	1Y
Time_s   F0_Hz
6.068350   230.665030
6.083350   230.974505
6.098350   229.591032
6.113350   --undefined--
6.128350   --undefined--
6.143350   --undefined--
6.158350   --undefined--
6.173350   --undefined--
6.188350   --undefined--
6.203350   280.622361
6.218350   285.310376
6.233350   287.017456
6.248350   287.856211
6.263350   287.386379
6.278350   285.164091
6.293350   279.966945
6.308350   270.829340
6.323350   263.433130
END PITCH
0.19191868811348467	5Y
Time_s   F0_Hz
6.336338   266.133813
6.351338   274.872015
6.366338   281.322062
6.381338   281.677192
6.396338   --undefined--
6.411338   --undefined--
6.426338   --undefined--
6.441338   266.029672
6.456338   264.216373
6.471338   260.126589
6.486338   256.735403
6.501338   253.342770
6.516338   248.723550
END PITCH
0.3142066647589914	5Y
Time_s   F0_Hz
6.529399   247.155041
6.544399   246.546399
6.559399   246.525169
6.574399   245.747228
6.589399   242.445849
6.604399   238.300148
6.619399   235.238114
6.634399   234.935074
6.649399   234.583888
6.664399   234.032090
6.679399   234.169737
6.694399   234.090088
6.709399   233.687471
6.724399   233.984927
6.739399   233.954913
6.754399   233.687461
6.769399   236.180639
6.784399   240.322913
6.799399   238.011300
6.814399   234.920910
6.829399   235.624370
END PITCH
0.17723370598239274	2Y
Time_s   F0_Hz
6.936729   --undefined--
6.951729   --undefined--
6.966729   --undefined--
6.981729   --undefined--
6.996729   --undefined--
7.011729   --undefined--
7.026729   215.677147
7.041729   209.835216
7.056729   204.896468
7.071729   206.816945
7.086729   208.117408
7.101729   206.115939
END PITCH
0.1380227090836339	4Y
Time_s   F0_Hz
7.109359   203.359878
7.124359   207.522361
7.139359   211.156759
7.154359   --undefined--
7.169359   --undefined--
7.184359   244.023627
7.199359   241.505615
7.214359   240.109708
7.229359   235.937331
7.244359   230.224032
END PITCH
0.20546562374950028	1N
Time_s   F0_Hz
7.251105   228.954860
7.266105   231.945159
7.281105   227.314430
7.296105   --undefined--
7.311105   --undefined--
7.326105   --undefined--
7.341105   257.605963
7.356105   254.478138
7.371105   249.615375
7.386105   248.468657
7.401105   249.064025
7.416105   248.424993
7.431105   243.266224
7.446105   236.621718
END PITCH
0.25408725990396164	2N
Time_s   F0_Hz
7.458379   --undefined--
7.473379   --undefined--
7.488379   --undefined--
7.503379   --undefined--
7.518379   --undefined--
7.533379   240.827439
7.548379   234.350642
7.563379   227.359726
7.578379   221.918923
7.593379   218.043535
7.608379   216.868177
7.623379   218.834591
7.638379   220.852362
7.653379   223.966466
7.668379   223.946591
7.683379   222.836456
7.698379   221.834404
END PITCH
0.10508547168867555	4Y
Time_s   F0_Hz
7.705459   221.259885
7.720459   252.867176
7.735459   277.149077
7.750459   271.805024
7.765459   273.473880
7.780459   272.814151
7.795459   264.982220
7.810459   255.512525
END PITCH
0.275704814307967	3Y
Time_s   F0_Hz
7.813356   256.714104
7.828356   271.004611
7.843356   275.767041
7.858356   --undefined--
7.873356   --undefined--
7.888356   --undefined--
7.903356   --undefined--
7.918356   --undefined--
7.933356   212.155944
7.948356   201.318892
7.963356   189.426510
7.978356   187.606507
7.993356   --undefined--
8.008356   --undefined--
8.023356   --undefined--
8.038356   --undefined--
8.053356   --undefined--
8.068356   78.383636
8.083356   82.168063
END PITCH
0.15605976765706409	5Y
Time_s   F0_Hz
8.089240   82.613537
8.104240   169.399303
8.119240   175.255941
8.134240   181.494603
8.149240   187.209586
8.164240   195.263101
8.179240   202.905505
8.194240   203.043581
8.209240   197.871183
8.224240   197.917653
8.239240   196.843184
END PITCH
