#Each entry contains the duration of a syllable (in seconds), an optional label, and a pitch time series.
0.31723223800755607	1Y
Time_s   F0_Hz
0.126060   --undefined--
0.141060   --undefined--
0.156060   227.590235
0.171060   231.363844
0.186060   240.008604
0.201060   241.252912
0.216060   242.859933
0.231060   245.831638
0.246060   248.725765
0.261060   254.060921
0.276060   256.427333
0.291060   258.303503
0.306060   260.082818
0.321060   261.882746
0.336060   262.602562
0.351060   263.695938
0.366060   264.110950
0.381060   260.175143
0.396060   258.801732
0.411060   257.345830
0.426060   253.857474
0.441060   250.104443
END PITCH
0.10167699936139618	3Y
Time_s   F0_Hz
0.448016   248.143453
0.463016   243.197670
0.478016   238.880344
0.493016   237.427824
0.508016   238.618260
0.523016   241.240795
0.538016   242.906233
END PITCH
0.10574407933585206	4Y
Time_s   F0_Hz
0.544235   243.733371
0.559235   248.092133
0.574235   253.950174
0.589235   259.879630
0.604235   264.153275
0.619235   270.589422
0.634235   270.972623
0.649235   263.310979
END PITCH
0.19115275879942473	3Y
Time_s   F0_Hz
0.655181   257.954179
0.670181   247.483268
0.685181   252.135247
0.700181   260.095022
0.715181   256.445615
0.730181   243.958338
0.745181   230.372135
0.760181   216.092948
0.775181   201.383478
0.790181   194.656505
0.805181   189.126651
0.820181   186.646897
0.835181   185.412429
END PITCH
0.3172322380075562	5Y
Time_s   F0_Hz
0.841865   186.857874
0.856865   188.412003
0.871865   189.942234
0.886865   193.305230
0.901865   195.283813
0.916865   195.322717
0.931865   197.128601
0.946865   198.767139
0.961865   201.911108
0.976865   205.299104
0.991865   207.653374
1.006865   210.456004
1.021865   211.989863
1.036865   214.555264
1.051865   216.818853
1.066865   220.036739
1.081865   223.284682
1.096865   225.376081
1.111865   227.308327
1.126865   224.053290
1.141865   218.081208
1.156865   226.134286
END PITCH
0.12201239923367524	3Y
Time_s   F0_Hz
1.158991   227.146541
1.173991   232.261703
1.188991   --undefined--
1.203991   --undefined--
1.218991   --undefined--
1.233991   199.963877
1.248991   192.243344
1.263991   183.807937
1.278991   176.923112
END PITCH
0.14234779910595474	3Y
Time_s   F0_Hz
1.283679   176.396147
1.298679   189.673557
1.313679   195.725279
1.328679   195.049810
1.343679   197.796497
1.358679   202.037568
1.373679   207.102491
1.388679   211.384678
1.403679   209.879543
1.418679   207.622614
END PITCH
0.15048195905486628	1Y
Time_s   F0_Hz
1.422596   208.091376
1.437596   213.332820
1.452596   254.407483
1.467596   246.714786
1.482596   240.542865
1.497596   237.040396
1.512596   237.257995
1.527596   240.504428
1.542596   243.178754
1.557596   243.605390
1.572596   238.020128
END PITCH
0.1667502789526898	3Y
Time_s   F0_Hz
1.573713   237.452000
1.588713   231.510021
1.603713   231.029167
1.618713   232.574626
1.633713   230.916518
1.648713   229.237046
1.663713   228.275475
1.678713   228.528226
1.693713   229.510109
1.708713   227.394384
1.723713   227.419933
1.738713   226.476554
END PITCH
0.11794531925921947	3Y
Time_s   F0_Hz
1.746060   224.538840
1.761060   218.914334
1.776060   213.318412
1.791060   207.938850
1.806060   197.476636
1.821060   189.281573
1.836060   184.274755
1.851060   179.451477
END PITCH
0.18301859885051308	5Y
Time_s   F0_Hz
1.859036   179.266047
1.874036   179.755607
1.889036   180.412574
1.904036   180.533399
1.919036   181.622791
1.934036   180.870835
1.949036   179.876791
1.964036   181.584294
1.979036   179.391233
1.994036   179.883323
2.009036   181.407249
2.024036   --undefined--
2.039036   --undefined--
END PITCH
0.2074210786972479	5Y
Time_s   F0_Hz
2.046752   --undefined--
2.061752   --undefined--
2.076752   --undefined--
2.091752   181.028315
2.106752   182.225433
2.121752   182.155685
2.136752   181.993736
2.151752   182.725880
2.166752   184.355031
2.181752   184.901808
2.196752   184.437673
2.211752   185.034030
2.226752   189.155146
2.241752   193.559964
END PITCH
0.2233813619167071	3Y
Time_s   F0_Hz
2.918866   261.933141
2.933866   257.052540
2.948866   257.133467
2.963866   246.659263
2.978866   243.155622
2.993866   210.698871
3.008866   197.155823
3.023866   195.583089
3.038866   192.365196
3.053866   191.893338
3.068866   192.045252
3.083866   191.783454
3.098866   194.227680
3.113866   198.827903
3.128866   199.761320
END PITCH
0.17661863808329326	4Y
Time_s   F0_Hz
3.141366   201.204484
3.156366   204.722569
3.171366   207.194773
3.186366   208.124851
3.201366   209.246434
3.216366   208.692773
3.231366   206.175398
3.246366   202.611818
3.261366   197.836809
3.276366   192.565825
3.291366   181.549801
3.306366   177.429211
END PITCH
0.5839253171399501	4Y
Time_s   F0_Hz
3.319138   177.118167
3.334138   180.613717
3.349138   189.834790
3.364138   191.809598
3.379138   191.055127
3.394138   189.003835
3.409138   186.905378
3.424138   184.902010
3.439138   184.047140
3.454138   182.928124
3.469138   182.366643
3.484138   61.669876
3.499138   61.937350
3.514138   61.985038
3.529138   61.910994
3.544138   61.722088
3.559138   61.743167
3.574138   61.545077
3.589138   180.079255
3.604138   179.453218
3.619138   179.782969
3.634138   179.993960
3.649138   180.120562
3.664138   180.070486
3.679138   179.991224
3.694138   180.370668
3.709138   179.658613
3.724138   179.341872
3.739138   181.074002
3.754138   180.082860
3.769138   181.524452
3.784138   184.314348
3.799138   184.584358
3.814138   180.530247
3.829138   177.883186
3.844138   178.761631
3.859138   181.304284
3.874138   183.285781
3.889138   183.501262
END PITCH
0.09354283941248465	2Y
Time_s   F0_Hz
4.044286   --undefined--
4.059286   200.606226
4.074286   202.106231
4.089286   203.769069
4.104286   208.223158
4.119286   211.932107
4.134286   212.704883
END PITCH
0.12607947920813078	2Y
Time_s   F0_Hz
4.139093   212.343893
4.154093   209.816016
4.169093   207.653590
4.184093   210.925289
4.199093   216.272401
4.214093   207.336551
4.229093   195.551801
4.244093   198.208856
4.259093   198.830603
END PITCH
0.07727451951466158	5Y
Time_s   F0_Hz
4.263271   198.179912
4.278271   198.313880
4.293271   201.493143
4.308271   205.582127
4.323271   209.837933
4.338271   210.642324
END PITCH
0.4839825169602454	4N
Time_s   F0_Hz
4.341406   210.472941
4.356406   208.753926
4.371406   210.570662
4.386406   --undefined--
4.401406   --undefined--
4.416406   245.731754
4.431406   237.283870
4.446406   231.280081
4.461406   223.900990
4.476406   217.974766
4.491406   213.395031
4.506406   210.079563
4.521406   204.765444
4.536406   201.446076
4.551406   197.445851
4.566406   193.334115
4.581406   190.272207
4.596406   185.837326
4.611406   185.285583
4.626406   182.338990
4.641406   181.152720
4.656406   181.028435
4.671406   181.499354
4.686406   181.531335
4.701406   183.197910
4.716406   183.784508
4.731406   186.722884
4.746406   190.308739
4.761406   182.859288
4.776406   183.186201
4.791406   --undefined--
4.806406   --undefined--
4.821406   --undefined--
END PITCH
0.14400000000000013	3Y
Time_s   F0_Hz
5.396672   --undefined--
5.411672   230.500666
5.426672   215.739587
5.441672   206.016318
5.456672   207.788028
5.471672   207.539363
5.486672   203.876066
5.501672   196.706739
5.516672   192.618657
5.531672   185.304238
END PITCH
0.06904152283774856	2Y
Time_s   F0_Hz
5.540692   189.603506
5.555692   204.019686
5.570692   213.787757
5.585692   214.749149
5.600692   219.223892
END PITCH
0.0620056211610045	5Y
Time_s   F0_Hz
5.606224   222.181975
5.621224   229.586686
5.636224   233.985574
5.651224   232.838290
5.666224   230.275659
END PITCH
0.11184469929753593	4N
Time_s   F0_Hz
5.670652   231.206297
5.685652   248.934878
5.700652   259.465985
5.715652   265.964551
5.730652   261.190383
5.745652   254.259813
5.760652   248.636271
5.775652   242.574656
END PITCH
0.03102883325467154	3Y
Time_s   F0_Hz
5.779580   240.604951
5.794580   229.173594
5.809580   221.032541
END PITCH
0.056939119642382074	3Y
Time_s   F0_Hz
5.816060   219.369203
5.831060   217.523445
5.846060   221.455373
5.861060   226.586077
END PITCH
0.0777829045114693	3Y
Time_s   F0_Hz
5.868430   232.208880
5.883430   241.397865
5.898430   246.892617
5.913430   252.313924
5.928430   255.739573
5.943430   252.636250
END PITCH
0.1353572992951877	3Y
Time_s   F0_Hz
5.945006   251.594294
5.960006   244.153376
5.975006   244.101316
5.990006   240.592071
6.005006   224.227118
6.020006   --undefined--
6.035006   --undefined--
6.050006   --undefined--
6.065006   --undefined--
6.080006   --undefined--
END PITCH
0.13917059898058248	4N
Time_s   F0_Hz
6.082262   --undefined--
6.097262   --undefined--
6.112262   --undefined--
6.127262   --undefined--
6.142262   --undefined--
6.157262   200.030080
6.172262   209.696560
6.187262   215.474229
6.202262   224.755689
6.217262   232.276100
END PITCH
0.3088294010194179	4Y
Time_s   F0_Hz
6.223764   234.536420
6.238764   238.207404
6.253764   242.525344
6.268764   248.644105
6.283764   258.031005
6.298764   269.267499
6.313764   272.876169
6.328764   261.265687
6.343764   239.415743
6.358764   229.946591
6.373764   --undefined--
6.388764   --undefined--
6.403764   --undefined--
6.418764   --undefined--
6.433764   --undefined--
6.448764   --undefined--
6.463764   --undefined--
6.478764   --undefined--
6.493764   --undefined--
6.508764   --undefined--
6.523764   --undefined--
END PITCH
0.11096122155089727	2N
Time_s   F0_Hz
6.915153   --undefined--
6.930153   --undefined--
6.945153   93.826696
6.960153   90.745983
6.975153   90.508512
6.990153   92.527353
7.005153   92.835330
7.020153   94.325289
END PITCH
0.25703877844910306	4Y
Time_s   F0_Hz
7.024155   189.683497
7.039155   198.535068
7.054155   199.003985
7.069155   201.015670
7.084155   204.372997
7.099155   206.750753
7.114155   206.441260
7.129155   204.704843
7.144155   202.560123
7.159155   200.269591
7.174155   200.448924
7.189155   199.600114
7.204155   197.859484
7.219155   194.571293
7.234155   191.096157
7.249155   187.731566
7.264155   183.800879
7.279155   179.960925
END PITCH
0.12323319916251929	3Y
Time_s   F0_Hz
7.281791   179.412935
7.296791   178.641946
7.311791   181.501375
7.326791   182.284561
7.341791   177.806399
7.356791   175.289944
7.371791   173.816274
7.386791   172.593334
7.401791   173.929058
END PITCH
0.13421363915704276	4N
Time_s   F0_Hz
7.410510   174.719215
7.425510   172.519841
7.440510   --undefined--
7.455510   --undefined--
7.470510   --undefined--
7.485510   --undefined--
7.500510   208.724682
7.515510   209.294850
7.530510   212.625133
END PITCH
0.14234779910595474	4N
Time_s   F0_Hz
7.541298   216.592693
7.556298   219.114157
7.571298   219.507905
7.586298   218.088777
7.601298   217.926813
7.616298   218.636518
7.631298   215.480808
7.646298   212.359279
7.661298   209.680891
7.676298   205.449275
END PITCH
0.10574407933585217	3N
Time_s   F0_Hz
7.680346   206.261160
7.695346   224.858435
7.710346   --undefined--
7.725346   --undefined--
7.740346   --undefined--
7.755346   172.576724
7.770346   176.143352
7.785346   179.396538
END PITCH
0.18246128323863076	4Y
Time_s   F0_Hz
7.786950   179.660533
7.801950   182.573346
7.816950   186.033345
7.831950   186.476881
7.846950   184.638948
7.861950   183.873594
7.876950   186.305287
7.891950   187.153979
7.906950   179.604440
7.921950   178.803025
7.936950   184.932553
7.951950   187.069164
7.966950   183.840021
END PITCH
0.12663679482001466	2Y
Time_s   F0_Hz
7.971497   --undefined--
7.986497   --undefined--
8.001497   202.991410
8.016497   183.801685
8.031497   176.357234
8.046497   175.674903
8.061497   174.873284
8.076497   175.501924
8.091497   176.179230
END PITCH
0.19318629878665305	5Y
Time_s   F0_Hz
8.101406   176.471127
8.116406   178.287733
8.131406   180.947502
8.146406   183.984402
8.161406   191.812202
8.176406   206.431924
8.191406   207.271483
8.206406   207.318562
8.221406   210.608038
8.236406   --undefined--
8.251406   --undefined--
8.266406   --undefined--
8.281406   --undefined--
END PITCH
