#Each entry contains the duration of a syllable (in seconds), an optional label, and a pitch time series.
0.2877214894561463	1N
Time_s   F0_Hz
0.179847   --undefined--
0.194847   --undefined--
0.209847   --undefined--
0.224847   --undefined--
0.239847   --undefined--
0.254847   242.970464
0.269847   236.681358
0.284847   235.608275
0.299847   234.828948
0.314847   233.613105
0.329847   233.115001
0.344847   232.693529
0.359847   233.467558
0.374847   234.763221
0.389847   236.054068
0.404847   237.401461
0.419847   236.999673
0.434847   235.361850
0.449847   231.783077
0.464847   225.514017
END PITCH
0.28336207294923504	3N
Time_s   F0_Hz
0.472891   220.605837
0.487891   217.252549
0.502891   227.501805
0.517891   217.348418
0.532891   201.608188
0.547891   188.282316
0.562891   174.157045
0.577891   165.823923
0.592891   158.970173
0.607891   154.063483
0.622891   --undefined--
0.637891   --undefined--
0.652891   --undefined--
0.667891   --undefined--
0.682891   --undefined--
0.697891   --undefined--
0.712891   --undefined--
0.727891   137.358861
0.742891   141.423382
END PITCH
0.1438607447280731	5Y
Time_s   F0_Hz
0.753997   139.770053
0.768997   --undefined--
0.783997   --undefined--
0.798997   169.865916
0.813997   172.820649
0.828997   175.509683
0.843997   176.767158
0.858997   177.135352
0.873997   178.808277
0.888997   182.469589
END PITCH
0.5100517313086231	4Y
Time_s   F0_Hz
0.893458   183.449440
0.908458   187.194546
0.923458   191.245609
0.938458   195.265399
0.953458   199.563964
0.968458   202.407645
0.983458   207.743797
0.998458   214.535867
1.013458   224.367461
1.028458   232.354013
1.043458   234.191345
1.058458   238.325718
1.073458   237.112055
1.088458   235.506699
1.103458   231.291355
1.118458   225.827621
1.133458   220.959574
1.148458   217.885553
1.163458   213.786138
1.178458   210.061400
1.193458   205.434566
1.208458   200.894709
1.223458   198.192467
1.238458   194.098352
1.253458   186.980077
1.268458   185.205106
1.283458   183.066073
1.298458   179.993275
1.313458   178.512377
1.328458   177.958316
1.343458   175.932869
1.358458   173.910074
1.373458   171.767496
1.388458   167.911476
1.403458   167.470850
END PITCH
0.5694907310341397	5Y
Time_s   F0_Hz
1.410731   168.877076
1.425731   170.711235
1.440731   170.040953
1.455731   168.521068
1.470731   166.339358
1.485731   165.721365
1.500731   165.648906
1.515731   165.309235
1.530731   164.239942
1.545731   163.436726
1.560731   162.771144
1.575731   161.694076
1.590731   159.932953
1.605731   156.301433
1.620731   154.288249
1.635731   155.440427
1.650731   156.820767
1.665731   155.863803
1.680731   154.343009
1.695731   150.130907
1.710731   149.111495
1.725731   147.756118
1.740731   148.400428
1.755731   --undefined--
1.770731   --undefined--
1.785731   --undefined--
1.800731   157.010375
1.815731   159.251735
1.830731   160.862767
1.845731   163.697854
1.860731   166.851170
1.875731   169.230562
1.890731   173.050651
1.905731   175.931047
1.920731   178.211876
1.935731   181.224373
1.950731   183.768682
1.965731   185.056243
END PITCH
0.3680000000000001	4N
Time_s   F0_Hz
1.976973   --undefined--
1.991973   --undefined--
2.006973   --undefined--
2.021973   --undefined--
2.036973   --undefined--
2.051973   --undefined--
2.066973   --undefined--
2.081973   --undefined--
2.096973   --undefined--
2.111973   253.456023
2.126973   252.833485
2.141973   250.700945
2.156973   245.554260
2.171973   237.116185
2.186973   228.381571
2.201973   221.669048
2.216973   209.959020
2.231973   202.421304
2.246973   195.642401
2.261973   188.476102
2.276973   181.262296
2.291973   180.506442
2.306973   172.193698
2.321973   174.116551
2.336973   179.437082
END PITCH
0.33981830549087366	1Y
Time_s   F0_Hz
2.345884   177.992219
2.360884   179.791438
2.375884   179.603608
2.390884   179.235993
2.405884   171.222258
2.420884   177.194764
2.435884   192.515312
2.450884   187.158308
2.465884   179.606793
2.480884   170.122144
2.495884   166.423889
2.510884   163.699515
2.525884   164.835279
2.540884   165.719874
2.555884   164.261227
2.570884   164.268638
2.585884   163.754573
2.600884   164.831864
2.615884   164.996624
2.630884   164.780417
2.645884   165.736102
2.660884   166.342610
2.675884   166.677788
END PITCH
0.5318488138431796	1Y
Time_s   F0_Hz
2.684223   166.321063
2.699223   167.526889
2.714223   167.911675
2.729223   166.410384
2.744223   165.999095
2.759223   167.979591
2.774223   --undefined--
2.789223   --undefined--
2.804223   194.383312
2.819223   182.324787
2.834223   166.359873
2.849223   159.700366
2.864223   155.342442
2.879223   154.243939
2.894223   151.879618
2.909223   149.002460
2.924223   148.054336
2.939223   145.871115
2.954223   146.515265
2.969223   147.541939
2.984223   --undefined--
2.999223   --undefined--
3.014223   --undefined--
3.029223   --undefined--
3.044223   --undefined--
3.059223   --undefined--
3.074223   --undefined--
3.089223   --undefined--
3.104223   --undefined--
3.119223   --undefined--
3.134223   --undefined--
3.149223   --undefined--
3.164223   --undefined--
3.179223   --undefined--
3.194223   --undefined--
3.209223   --undefined--
END PITCH
0.2615649904146782	3Y
Time_s   F0_Hz
3.926502   --undefined--
3.941502   --undefined--
3.956502   --undefined--
3.971502   --undefined--
3.986502   --undefined--
4.001502   --undefined--
4.016502   216.777887
4.031502   212.622255
4.046502   202.192033
4.061502   193.824879
4.076502   187.322076
4.091502   183.744423
4.106502   184.643199
4.121502   185.092455
4.136502   185.186105
4.151502   184.790602
4.166502   184.751774
4.181502   187.863612
END PITCH
0.4533793167187765	4N
Time_s   F0_Hz
4.186474   189.077223
4.201474   195.170001
4.216474   202.091546
4.231474   206.627652
4.246474   215.946383
4.261474   226.778605
4.276474   234.720531
4.291474   240.892674
4.306474   246.005310
4.321474   248.209701
4.336474   250.211185
4.351474   249.690847
4.366474   245.810732
4.381474   243.019301
4.396474   238.219711
4.411474   231.886202
4.426474   226.711804
4.441474   219.787273
4.456474   216.665826
4.471474   214.551263
4.486474   209.970949
4.501474   209.052428
4.516474   206.162617
4.531474   204.280085
4.546474   202.472078
4.561474   200.569931
4.576474   197.695367
4.591474   193.178991
4.606474   189.683457
4.621474   186.486454
4.636474   185.375590
END PITCH
0.23080368290594855	3Y
Time_s   F0_Hz
4.641071   185.238233
4.656071   183.718367
4.671071   189.952373
4.686071   189.769730
4.701071   187.928262
4.716071   179.228264
4.731071   170.709919
4.746071   166.806232
4.761071   163.122083
4.776071   162.093531
4.791071   162.443848
4.806071   158.055573
4.821071   155.210065
4.836071   --undefined--
4.851071   --undefined--
4.866071   --undefined--
END PITCH
0.3520000000000003	4N
Time_s   F0_Hz
4.872477   --undefined--
4.887477   --undefined--
4.902477   --undefined--
4.917477   --undefined--
4.932477   --undefined--
4.947477   239.567282
4.962477   235.561133
4.977477   234.669755
4.992477   233.383411
5.007477   230.308571
5.022477   224.812808
5.037477   219.966369
5.052477   215.885624
5.067477   210.028830
5.082477   204.047145
5.097477   200.914814
5.112477   199.395906
5.127477   199.145438
5.142477   196.370418
5.157477   195.190654
5.172477   194.007640
5.187477   191.208930
5.202477   187.588254
5.217477   194.714134
END PITCH
0.6395870933072025	4N
Time_s   F0_Hz
5.225771   195.837563
5.240771   194.868376
5.255771   194.007944
5.270771   199.804167
5.285771   218.233672
5.300771   218.507410
5.315771   220.329061
5.330771   220.302058
5.345771   219.036280
5.360771   214.091249
5.375771   208.697934
5.390771   204.368782
5.405771   200.968320
5.420771   199.623887
5.435771   196.660615
5.450771   189.549890
5.465771   186.995577
5.480771   184.294907
5.495771   181.870999
5.510771   180.168916
5.525771   180.622762
5.540771   178.366773
5.555771   175.662199
5.570771   174.988896
5.585771   174.761144
5.600771   173.123343
5.615771   170.143772
5.630771   170.813821
5.645771   170.891897
5.660771   171.115802
5.675771   170.095540
5.690771   169.932183
5.705771   169.410731
5.720771   169.569908
5.735771   170.436013
5.750771   172.798711
5.765771   176.988760
5.780771   184.503743
5.795771   185.164646
5.810771   175.445067
5.825771   --undefined--
5.840771   --undefined--
5.855771   --undefined--
END PITCH
0.3182374050045258	1N
Time_s   F0_Hz
5.862183   --undefined--
5.877183   --undefined--
5.892183   --undefined--
5.907183   --undefined--
5.922183   --undefined--
5.937183   --undefined--
5.952183   --undefined--
5.967183   --undefined--
5.982183   --undefined--
5.997183   251.779448
6.012183   251.771957
6.027183   250.141095
6.042183   250.605958
6.057183   252.341251
6.072183   252.294396
6.087183   253.358482
6.102183   254.573074
6.117183   255.745914
6.132183   257.385942
6.147183   257.747614
6.162183   255.416681
6.177183   252.514896
END PITCH
0.3051591554837918	1N
Time_s   F0_Hz
6.181383   252.178151
6.196383   255.024110
6.211383   256.281533
6.226383   251.676404
6.241383   245.635721
6.256383   249.692693
6.271383   255.981365
6.286383   --undefined--
6.301383   --undefined--
6.316383   258.256567
6.331383   256.077345
6.346383   252.342139
6.361383   251.084196
6.376383   250.058207
6.391383   249.272832
6.406383   246.201444
6.421383   243.482609
6.436383   241.351168
6.451383   238.353743
6.466383   231.250244
6.481383   227.404878
END PITCH
0.14822016123498383	5Y
Time_s   F0_Hz
6.490573   225.230180
6.505573   219.587202
6.520573   213.218608
6.535573   197.534022
6.550573   189.840595
6.565573   183.255357
6.580573   180.746853
6.595573   177.418720
6.610573   173.995158
6.625573   171.816357
END PITCH
0.5318488138431796	2Y
Time_s   F0_Hz
6.635607   168.124831
6.650607   163.600685
6.665607   161.598604
6.680607   158.812332
6.695607   156.255315
6.710607   154.993145
6.725607   157.268129
6.740607   158.347823
6.755607   156.462775
6.770607   152.196837
6.785607   146.158923
6.800607   143.452970
6.815607   138.080336
6.830607   137.860263
6.845607   133.520311
6.860607   132.715983
6.875607   136.101897
6.890607   138.646057
6.905607   140.600139
6.920607   141.837893
6.935607   144.529506
6.950607   148.134250
6.965607   154.864655
6.980607   155.920039
6.995607   160.028602
7.010607   164.516681
7.025607   168.412285
7.040607   173.035808
7.055607   180.225390
7.070607   184.101832
7.085607   195.571071
7.100607   207.737152
7.115607   211.218430
7.130607   216.094373
7.145607   214.160755
7.160607   209.287334
END PITCH
0.271530329293876	2N
Time_s   F0_Hz
8.117744   --undefined--
8.132744   220.515705
8.147744   204.070425
8.162744   187.936092
8.177744   181.879106
8.192744   181.054449
8.207744   182.907703
8.222744   182.282619
8.237744   182.006466
8.252744   182.125627
8.267744   182.724425
8.282744   184.369500
8.297744   187.974922
8.312744   193.497354
8.327744   200.467291
8.342744   200.673125
8.357744   204.889817
8.372744   208.403950
8.387744   205.005722
END PITCH
0.3044696707061245	1N
Time_s   F0_Hz
8.390737   204.240077
8.405737   204.554008
8.420737   201.998881
8.435737   199.625825
8.450737   203.897632
8.465737   198.100415
8.480737   --undefined--
8.495737   --undefined--
8.510737   --undefined--
8.525737   231.830074
8.540737   225.811147
8.555737   219.677518
8.570737   216.665944
8.585737   216.362553
8.600737   215.654750
8.615737   213.872868
8.630737   212.973756
8.645737   210.995749
8.660737   207.794975
8.675737   202.976278
8.690737   201.291214
END PITCH
0.1440000000000019	5Y
Time_s   F0_Hz
8.697477   202.048480
8.712477   202.653609
8.727477   197.191397
8.742477   188.653215
8.757477   186.072116
8.772477   185.261019
8.787477   185.420752
8.802477   182.994018
8.817477   182.146582
8.832477   182.856013
END PITCH
0.3231470510171768	3Y
Time_s   F0_Hz
8.841049   183.923945
8.856049   185.066031
8.871049   184.282673
8.886049   179.755467
8.901049   176.995791
8.916049   181.787330
8.931049   182.789556
8.946049   178.257610
8.961049   202.643203
8.976049   191.211056
8.991049   170.620429
9.006049   159.547473
9.021049   149.578366
9.036049   146.253930
9.051049   140.166167
9.066049   135.573406
9.081049   --undefined--
9.096049   --undefined--
9.111049   --undefined--
9.126049   --undefined--
9.141049   --undefined--
9.156049   --undefined--
END PITCH
0.5100517313086232	1N
Time_s   F0_Hz
9.160147   --undefined--
9.175147   --undefined--
9.190147   --undefined--
9.205147   --undefined--
9.220147   200.545626
9.235147   200.404889
9.250147   188.192627
9.265147   174.546755
9.280147   175.377235
9.295147   177.099544
9.310147   178.136706
9.325147   178.576013
9.340147   178.121645
9.355147   178.175014
9.370147   180.038078
9.385147   180.435333
9.400147   183.046522
9.415147   184.550578
9.430147   181.909027
9.445147   181.349927
9.460147   182.437877
9.475147   182.937386
9.490147   184.132565
9.505147   183.321737
9.520147   180.963666
9.535147   180.352139
9.550147   180.988574
9.565147   179.693040
9.580147   178.864672
9.595147   179.942939
9.610147   181.757919
9.625147   183.308049
9.640147   183.963450
9.655147   186.581677
9.670147   191.690642
END PITCH
0.4097851516496629	2Y
Time_s   F0_Hz
9.912330   --undefined--
9.927330   --undefined--
9.942330   --undefined--
9.957330   --undefined--
9.972330   --undefined--
9.987330   --undefined--
10.002330   --undefined--
10.017330   184.754796
10.032330   175.387440
10.047330   173.790675
10.062330   172.796795
10.077330   173.244304
10.092330   174.542812
10.107330   175.640451
10.122330   178.279954
10.137330   183.443816
10.152330   192.231861
10.167330   204.800757
10.182330   210.719636
10.197330   216.686095
10.212330   225.713863
10.227330   232.289947
10.242330   240.309651
10.257330   245.709283
10.272330   243.449632
10.287330   231.187664
10.302330   234.207550
10.317330   242.008413
END PITCH
0.2528461574008549	3N
Time_s   F0_Hz
10.326145   244.377728
10.341145   --undefined--
10.356145   --undefined--
10.371145   --undefined--
10.386145   213.623132
10.401145   203.469340
10.416145   189.372596
10.431145   175.912142
10.446145   171.297400
10.461145   --undefined--
10.476145   --undefined--
10.491145   --undefined--
10.506145   --undefined--
10.521145   --undefined--
10.536145   --undefined--
10.551145   211.192603
10.566145   205.262169
END PITCH
0.1844020007435585	5Y
Time_s   F0_Hz
10.574773   --undefined--
10.589773   --undefined--
10.604773   --undefined--
10.619773   160.365276
10.634773   161.894181
10.649773   161.809436
10.664773   160.509149
10.679773   153.548678
10.694773   157.391686
10.709773   161.727519
10.724773   --undefined--
10.739773   --undefined--
10.754773   --undefined--
END PITCH
0.272000000000002	1Y
Time_s   F0_Hz
10.757982   --undefined--
10.772982   --undefined--
10.787982   --undefined--
10.802982   196.361154
10.817982   188.664094
10.832982   184.006912
10.847982   185.053765
10.862982   187.897551
10.877982   190.100635
10.892982   192.672417
10.907982   194.096580
10.922982   193.627873
10.937982   194.140522
10.952982   194.469104
10.967982   194.005217
10.982982   192.635730
10.997982   192.828418
11.012982   193.192222
11.027982   191.853694
END PITCH
0.4319999999999986	1Y
Time_s   F0_Hz
11.034977   193.474469
11.049977   195.647544
11.064977   --undefined--
11.079977   --undefined--
11.094977   195.535488
11.109977   193.984448
11.124977   196.100141
11.139977   197.947045
11.154977   197.494561
11.169977   194.454755
11.184977   191.466328
11.199977   188.614888
11.214977   189.005207
11.229977   188.345876
11.244977   186.041189
11.259977   184.877159
11.274977   184.439579
11.289977   184.096692
11.304977   184.712373
11.319977   184.323074
11.334977   183.773530
11.349977   185.612048
11.364977   188.336517
11.379977   190.532792
11.394977   195.613752
11.409977   194.727307
11.424977   193.176750
11.439977   183.553173
11.454977   175.464740
END PITCH
0.21030370601151205	4Y
Time_s   F0_Hz
12.197132   --undefined--
12.212132   --undefined--
12.227132   --undefined--
12.242132   --undefined--
12.257132   --undefined--
12.272132   --undefined--
12.287132   --undefined--
12.302132   286.481754
12.317132   282.645231
12.332132   280.531535
12.347132   278.188313
12.362132   275.718790
12.377132   270.489087
12.392132   260.010187
12.407132   255.674476
END PITCH
0.29644032246996943	4N
Time_s   F0_Hz
12.412999   253.714567
12.427999   251.079403
12.442999   251.488498
12.457999   254.040750
12.472999   256.698240
12.487999   259.515364
12.502999   262.678668
12.517999   266.352764
12.532999   273.941658
12.547999   272.479649
12.562999   268.529349
12.577999   265.855465
12.592999   261.031420
12.607999   253.818090
12.622999   248.364074
12.637999   241.672026
12.652999   233.781810
12.667999   230.739049
12.682999   226.728923
12.697999   218.570149
END PITCH
0.28336207294923454	1N
Time_s   F0_Hz
12.710397   212.738537
12.725397   207.676272
12.740397   197.446884
12.755397   --undefined--
12.770397   239.066409
12.785397   222.547022
12.800397   216.994208
12.815397   215.538840
12.830397   214.778557
12.845397   214.512624
12.860397   214.011171
12.875397   213.994663
12.890397   212.611848
12.905397   212.114720
12.920397   211.619855
12.935397   211.244374
12.950397   211.178600
12.965397   211.461865
12.980397   214.198285
END PITCH
0.2572055739077683	4Y
Time_s   F0_Hz
12.988180   216.194181
13.003180   220.471587
13.018180   222.018348
13.033180   220.265562
13.048180   218.749050
13.063180   218.245647
13.078180   216.473401
13.093180   212.707377
13.108180   207.892741
13.123180   202.589606
13.138180   198.146280
13.153180   195.256974
13.168180   191.854193
13.183180   188.576359
13.198180   186.361033
13.213180   185.508376
13.228180   190.790673
13.243180   190.684866
END PITCH
0.5206883246615135	1Y
Time_s   F0_Hz
13.249626   190.324974
13.264626   188.748876
13.279626   --undefined--
13.294626   190.898959
13.309626   --undefined--
13.324626   --undefined--
13.339626   --undefined--
13.354626   --undefined--
13.369626   215.766178
13.384626   208.879836
13.399626   207.549378
13.414626   206.531642
13.429626   205.955181
13.444626   205.228888
13.459626   204.584371
13.474626   204.216556
13.489626   203.197385
13.504626   202.106338
13.519626   200.651283
13.534626   200.629418
13.549626   200.760554
13.564626   201.700304
13.579626   201.364529
13.594626   203.024324
13.609626   204.123282
13.624626   205.800089
13.639626   206.065149
13.654626   205.962182
13.669626   205.979405
13.684626   207.029086
13.699626   207.557766
13.714626   208.756505
13.729626   208.673013
13.744626   204.709914
13.759626   202.828696
END PITCH
0.32939789418619014	4N
Time_s   F0_Hz
13.772171   --undefined--
13.787171   --undefined--
13.802171   --undefined--
13.817171   --undefined--
13.832171   --undefined--
13.847171   --undefined--
13.862171   --undefined--
13.877171   --undefined--
13.892171   --undefined--
13.907171   --undefined--
13.922171   --undefined--
13.937171   333.117671
13.952171   328.185813
13.967171   317.000791
13.982171   306.631319
13.997171   300.805906
14.012171   290.806671
14.027171   283.731335
14.042171   274.694440
14.057171   265.828030
14.072171   250.107493
14.087171   241.342334
END PITCH
0.22233024185247707	2Y
Time_s   F0_Hz
14.100544   234.470731
14.115544   237.783180
14.130544   248.988709
14.145544   244.971314
14.160544   245.268661
14.175544   --undefined--
14.190544   --undefined--
14.205544   --undefined--
14.220544   --undefined--
14.235544   171.696013
14.250544   167.086857
14.265544   166.555784
14.280544   165.620897
14.295544   164.907406
14.310544   164.925869
END PITCH
0.18427186396133344	5Y
Time_s   F0_Hz
14.318844   165.409620
14.333844   164.560650
14.348844   165.355869
14.363844   173.628881
14.378844   171.455552
14.393844   171.365614
14.408844   172.717929
14.423844   172.909760
14.438844   172.550286
14.453844   172.395347
14.468844   171.231021
14.483844   169.034826
14.498844   164.955343
END PITCH
0.26474803625053234	1Y
Time_s   F0_Hz
14.505845   163.774153
14.520845   165.297947
14.535845   168.433113
14.550845   172.300071
14.565845   175.242689
14.580845   176.492082
14.595845   175.684980
14.610845   173.912740
14.625845   172.869082
14.640845   170.765218
14.655845   168.460017
14.670845   167.474768
14.685845   166.223069
14.700845   166.015439
14.715845   165.441077
14.730845   164.991972
14.745845   165.958327
14.760845   167.745166
END PITCH
0.4795358157602436	4Y
Time_s   F0_Hz
14.772988   169.010620
14.787988   165.428708
14.802988   165.691738
14.817988   166.945016
14.832988   168.338584
14.847988   164.491208
14.862988   --undefined--
14.877988   --undefined--
14.892988   --undefined--
14.907988   --undefined--
14.922988   --undefined--
14.937988   181.791588
14.952988   173.385176
14.967988   168.068841
14.982988   161.503132
14.997988   160.477273
15.012988   156.030362
15.027988   146.753713
15.042988   141.280624
15.057988   136.414385
15.072988   --undefined--
15.087988   --undefined--
15.102988   --undefined--
15.117988   --undefined--
15.132988   --undefined--
15.147988   --undefined--
15.162988   215.677308
15.177988   220.833980
15.192988   207.254832
15.207988   188.989699
15.222988   --undefined--
15.237988   --undefined--
END PITCH
