#Each entry contains the duration of a syllable (in seconds), an optional label, and a pitch time series.
0.2023597554711577	1Y
Time_s   F0_Hz
0.313793   --undefined--
0.328793   --undefined--
0.343793   293.715066
0.358793   282.365587
0.373793   262.455764
0.388793   250.110709
0.403793   236.662025
0.418793   227.571709
0.433793   227.313037
0.448793   225.452336
0.463793   223.094934
0.478793   221.032584
0.493793   218.715306
0.508793   212.140153
END PITCH
0.42813547459628654	3N
Time_s   F0_Hz
0.516542   206.841625
0.531542   207.910275
0.546542   215.040041
0.561542   212.105046
0.576542   215.361922
0.591542   223.161393
0.606542   229.732051
0.621542   241.775456
0.636542   230.216771
0.651542   205.469506
0.666542   183.620722
0.681542   172.974086
0.696542   167.272317
0.711542   163.996140
0.726542   160.886785
0.741542   158.751555
0.756542   156.909776
0.771542   154.842683
0.786542   152.512643
0.801542   151.293109
0.816542   149.887004
0.831542   147.916090
0.846542   146.812005
0.861542   145.320977
0.876542   143.446861
0.891542   144.137374
0.906542   147.615775
0.921542   --undefined--
0.936542   --undefined--
END PITCH
0.22160533368188062	1Y
Time_s   F0_Hz
1.035351   262.712033
1.050351   249.919386
1.065351   238.981126
1.080351   221.439907
1.095351   215.891863
1.110351   215.290956
1.125351   214.456464
1.140351   213.566244
1.155351   211.431582
1.170351   209.219804
1.185351   206.273969
1.200351   201.867491
1.215351   197.379249
1.230351   192.564513
1.245351   184.282576
END PITCH
0.4349557989225734	3N
Time_s   F0_Hz
1.258639   172.051040
1.273639   181.474303
1.288639   189.479087
1.303639   --undefined--
1.318639   --undefined--
1.333639   --undefined--
1.348639   --undefined--
1.363639   213.698868
1.378639   197.879031
1.393639   175.455875
1.408639   168.410842
1.423639   164.503605
1.438639   161.547665
1.453639   159.655880
1.468639   158.189252
1.483639   157.595281
1.498639   157.306365
1.513639   156.378315
1.528639   154.784350
1.543639   152.620178
1.558639   150.412032
1.573639   152.434300
1.588639   153.407193
1.603639   154.312897
1.618639   156.322143
1.633639   159.483229
1.648639   161.855907
1.663639   163.838039
1.678639   170.169072
END PITCH
0.3093945642047853	4N
Time_s   F0_Hz
1.690805   180.906282
1.705805   187.690718
1.720805   195.060696
1.735805   198.695066
1.750805   199.751001
1.765805   200.655353
1.780805   198.382911
1.795805   195.450333
1.810805   193.278655
1.825805   189.926715
1.840805   186.135223
1.855805   181.718059
1.870805   180.282854
1.885805   179.893726
1.900805   178.736294
1.915805   177.810209
1.930805   177.611711
1.945805   177.217751
1.960805   174.341376
1.975805   170.369995
1.990805   174.177115
END PITCH
0.33575658286526533	1N
Time_s   F0_Hz
1.998390   176.139364
2.013390   --undefined--
2.028390   --undefined--
2.043390   183.574142
2.058390   185.548529
2.073390   222.283258
2.088390   218.104362
2.103390   206.518760
2.118390   201.459537
2.133390   200.863150
2.148390   199.674654
2.163390   199.191685
2.178390   198.768453
2.193390   198.459489
2.208390   198.690272
2.223390   198.755510
2.238390   199.267191
2.253390   199.063030
2.268390   199.156234
2.283390   198.972768
2.298390   197.213458
2.313390   195.214619
2.328390   195.083344
END PITCH
0.39574360506977735	1N
Time_s   F0_Hz
2.334138   194.701417
2.349138   --undefined--
2.364138   --undefined--
2.379138   --undefined--
2.394138   --undefined--
2.409138   --undefined--
2.424138   --undefined--
2.439138   --undefined--
2.454138   249.793286
2.469138   248.981397
2.484138   --undefined--
2.499138   100.290783
2.514138   100.009890
2.529138   100.099980
2.544138   99.976949
2.559138   200.627756
2.574138   200.429206
2.589138   199.689621
2.604138   198.965126
2.619138   198.810300
2.634138   198.189344
2.649138   198.277736
2.664138   198.373354
2.679138   198.866925
2.694138   201.056307
2.709138   208.468772
2.724138   213.720568
END PITCH
0.36073960594661436	3N
Time_s   F0_Hz
3.238481   --undefined--
3.253481   --undefined--
3.268481   209.577526
3.283481   191.920835
3.298481   183.327137
3.313481   179.366539
3.328481   175.147826
3.343481   173.142111
3.358481   171.940087
3.373481   171.456121
3.388481   170.925524
3.403481   170.648752
3.418481   172.696897
3.433481   173.615345
3.448481   171.137296
3.463481   167.333715
3.478481   164.676686
3.493481   --undefined--
3.508481   --undefined--
3.523481   --undefined--
3.538481   --undefined--
3.553481   --undefined--
3.568481   --undefined--
3.583481   246.068767
3.598481   238.318919
END PITCH
0.32726039405338536	1N
Time_s   F0_Hz
3.604983   233.408677
3.619983   221.323517
3.634983   218.853172
3.649983   216.538198
3.664983   215.941599
3.679983   215.993858
3.694983   216.809535
3.709983   217.289386
3.724983   216.964776
3.739983   217.096834
3.754983   216.387869
3.769983   215.788376
3.784983   216.224923
3.799983   216.448403
3.814983   216.520388
3.829983   217.349840
3.844983   217.956913
3.859983   217.923538
3.874983   216.899970
3.889983   216.425416
3.904983   218.979245
3.919983   217.938267
END PITCH
0.22837961710519128	1Y
Time_s   F0_Hz
3.927795   216.104214
3.942795   224.376534
3.957795   267.495937
3.972795   --undefined--
3.987795   109.784112
4.002795   109.588489
4.017795   109.300703
4.032795   219.034626
4.047795   219.118562
4.062795   219.549348
4.077795   220.311682
4.092795   220.733337
4.107795   221.663608
4.122795   223.096586
4.137795   225.095242
4.152795   226.621821
END PITCH
0.3177941071014878	4Y
Time_s   F0_Hz
4.155890   226.364434
4.170890   222.887094
4.185890   225.755100
4.200890   --undefined--
4.215890   --undefined--
4.230890   --undefined--
4.245890   --undefined--
4.260890   --undefined--
4.275890   262.586807
4.290890   261.523960
4.305890   --undefined--
4.320890   103.074161
4.335890   101.731652
4.350890   96.722663
4.365890   94.573708
4.380890   91.075504
4.395890   88.076988
4.410890   86.398315
4.425890   86.066882
4.440890   85.927492
4.455890   86.445894
4.470890   86.849251
END PITCH
0.2938096461881683	3Y
Time_s   F0_Hz
4.476695   174.335250
4.491695   172.144224
4.506695   173.483816
4.521695   176.301180
4.536695   --undefined--
4.551695   --undefined--
4.566695   --undefined--
4.581695   --undefined--
4.596695   --undefined--
4.611695   --undefined--
4.626695   179.604061
4.641695   172.457295
4.656695   171.777307
4.671695   --undefined--
4.686695   --undefined--
4.701695   222.521138
4.716695   228.776950
4.731695   246.372814
4.746695   221.599425
4.761695   191.249738
END PITCH
0.345775978167028	1N
Time_s   F0_Hz
4.766480   --undefined--
4.781480   --undefined--
4.796480   --undefined--
4.811480   --undefined--
4.826480   --undefined--
4.841480   --undefined--
4.856480   --undefined--
4.871480   --undefined--
4.886480   --undefined--
4.901480   231.449266
4.916480   221.805328
4.931480   216.025950
4.946480   215.233730
4.961480   214.762666
4.976480   214.658868
4.991480   214.882743
5.006480   215.300611
5.021480   215.051477
5.036480   215.881267
5.051480   216.581127
5.066480   217.749304
5.081480   218.182902
5.096480   217.803734
5.111480   218.021470
END PITCH
0.394625047390214	1N
Time_s   F0_Hz
5.114172   218.068839
5.129172   217.007693
5.144172   212.973537
5.159172   212.014367
5.174172   213.607573
5.189172   --undefined--
5.204172   --undefined--
5.219172   --undefined--
5.234172   242.526243
5.249172   233.657849
5.264172   217.395640
5.279172   208.372761
5.294172   203.897717
5.309172   201.925217
5.324172   200.834090
5.339172   200.945088
5.354172   200.320990
5.369172   199.481725
5.384172   198.070860
5.399172   196.859502
5.414172   197.113165
5.429172   197.137544
5.444172   196.965034
5.459172   197.728464
5.474172   199.724438
5.489172   202.371577
5.504172   199.232748
END PITCH
0.16558911024589662	4Y
Time_s   F0_Hz
5.936151   261.635566
5.951151   247.553061
5.966151   228.304528
5.981151   223.900617
5.996151   221.423188
6.011151   218.537527
6.026151   215.292834
6.041151   210.890362
6.056151   206.445084
6.071151   201.098708
6.086151   194.919367
6.101151   193.680520
END PITCH
0.30979928679704827	4Y
Time_s   F0_Hz
6.106349   195.665728
6.121349   202.534113
6.136349   202.889235
6.151349   --undefined--
6.166349   --undefined--
6.181349   242.322514
6.196349   223.285041
6.211349   197.404616
6.226349   193.361115
6.241349   190.568928
6.256349   187.366280
6.271349   184.454628
6.286349   182.933606
6.301349   180.932669
6.316349   178.964789
6.331349   176.276340
6.346349   174.540304
6.361349   174.419257
6.376349   175.049408
6.391349   174.854660
6.406349   173.353834
END PITCH
0.28781353095983775	1N
Time_s   F0_Hz
6.412647   172.452418
6.427647   171.054646
6.442647   172.657880
6.457647   --undefined--
6.472647   --undefined--
6.487647   --undefined--
6.502647   --undefined--
6.517647   --undefined--
6.532647   --undefined--
6.547647   242.092672
6.562647   226.030832
6.577647   214.223958
6.592647   212.233217
6.607647   211.621445
6.622647   212.754989
6.637647   214.030910
6.652647   214.681905
6.667647   215.069316
6.682647   214.211329
6.697647   213.488929
END PITCH
0.329786337558148	4N
Time_s   F0_Hz
6.706446   214.579608
6.721446   216.455658
6.736446   211.933578
6.751446   209.757658
6.766446   211.593692
6.781446   216.881306
6.796446   247.569522
6.811446   233.917893
6.826446   214.146589
6.841446   204.702513
6.856446   196.708511
6.871446   193.624195
6.886446   192.094860
6.901446   186.994676
6.916446   182.245856
6.931446   180.345827
6.946446   179.723591
6.961446   179.095369
6.976446   178.161720
6.991446   177.401841
7.006446   180.042795
7.021446   180.752212
END PITCH
0.37375784923256816	4N
Time_s   F0_Hz
7.035726   174.430538
7.050726   175.511553
7.065726   177.898245
7.080726   174.622078
7.095726   180.994504
7.110726   181.538612
7.125726   --undefined--
7.140726   --undefined--
7.155726   244.887105
7.170726   229.256515
7.185726   207.102154
7.200726   202.453437
7.215726   199.686894
7.230726   197.045727
7.245726   196.198356
7.260726   193.013944
7.275726   189.505227
7.290726   186.352786
7.305726   182.508188
7.320726   180.482294
7.335726   179.448702
7.350726   178.373006
7.365726   176.965174
7.380726   173.894841
7.395726   175.464239
END PITCH
0.3350323069663581	1N
Time_s   F0_Hz
7.405125   176.703853
7.420125   --undefined--
7.435125   --undefined--
7.450125   247.628626
7.465125   239.282976
7.480125   221.436664
7.495125   215.675107
7.510125   212.751098
7.525125   213.330536
7.540125   213.056029
7.555125   213.251293
7.570125   211.958454
7.585125   211.878031
7.600125   212.840606
7.615125   213.550682
7.630125   213.884982
7.645125   213.291350
7.660125   214.184671
7.675125   214.228391
7.690125   212.698448
7.705125   209.696776
7.720125   204.194593
7.735125   195.541686
END PITCH
0.329786337558148	2N
Time_s   F0_Hz
7.745028   192.594765
7.760028   188.299947
7.775028   179.740246
7.790028   176.219685
7.805028   174.631443
7.820028   173.093948
7.835028   171.770362
7.850028   171.673497
7.865028   171.321193
7.880028   171.046017
7.895028   170.733067
7.910028   169.780181
7.925028   170.779072
7.940028   172.670890
7.955028   175.019051
7.970028   176.901448
7.985028   179.101135
8.000028   181.956700
8.015028   186.270635
8.030028   190.479403
8.045028   195.402178
8.060028   194.746084
END PITCH
0.1898769822304498	3Y
Time_s   F0_Hz
8.438707   --undefined--
8.453707   --undefined--
8.468707   --undefined--
8.483707   --undefined--
8.498707   199.555394
8.513707   189.276210
8.528707   175.862383
8.543707   171.643180
8.558707   171.474829
8.573707   172.187795
8.588707   172.846260
8.603707   172.324263
8.618707   171.401869
END PITCH
0.2798187106553982	4N
Time_s   F0_Hz
8.628560   173.344601
8.643560   174.458094
8.658560   --undefined--
8.673560   --undefined--
8.688560   --undefined--
8.703560   --undefined--
8.718560   270.765425
8.733560   258.803811
8.748560   232.154440
8.763560   226.311885
8.778560   222.189330
8.793560   217.951235
8.808560   214.259983
8.823560   209.637891
8.838560   206.104581
8.853560   199.175467
8.868560   193.330604
8.883560   192.643560
8.898560   187.740800
END PITCH
0.23584719898097894	3Y
Time_s   F0_Hz
8.908895   180.998259
8.923895   182.384180
8.938895   189.333282
8.953895   196.223961
8.968895   189.682342
8.983895   193.375702
8.998895   200.842827
9.013895   --undefined--
9.028895   --undefined--
9.043895   --undefined--
9.058895   --undefined--
9.073895   172.945506
9.088895   172.681790
9.103895   167.889235
9.118895   166.579687
9.133895   171.328554
END PITCH
0.22585367360042952	1Y
Time_s   F0_Hz
9.139745   173.368493
9.154745   --undefined--
9.169745   --undefined--
9.184745   228.786295
9.199745   213.847362
9.214745   199.829975
9.229745   201.110282
9.244745   202.560551
9.259745   204.191766
9.274745   207.035897
9.289745   209.643447
9.304745   210.977197
9.319745   213.122535
9.334745   215.040269
9.349745   216.365528
9.364745   218.085853
END PITCH
0.22785237867653763	3Y
Time_s   F0_Hz
9.366593   218.140929
9.381593   215.746539
9.396593   212.742662
9.411593   210.437856
9.426593   212.198250
9.441593   --undefined--
9.456593   241.052859
9.471593   220.390410
9.486593   214.545990
9.501593   216.884541
9.516593   223.180642
9.531593   232.481424
9.546593   248.025766
9.561593   259.321964
9.576593   268.131975
9.591593   275.655919
END PITCH
0.3038031715687186	3N
Time_s   F0_Hz
9.594921   276.414781
9.609921   274.507964
9.624921   268.801948
9.639921   260.872568
9.654921   253.131256
9.669921   242.342500
9.684921   222.677423
9.699921   211.578280
9.714921   185.980176
9.729921   173.411341
9.744921   166.101215
9.759921   161.270779
9.774921   155.469093
9.789921   150.544446
9.804921   150.854886
9.819921   --undefined--
9.834921   --undefined--
9.849921   --undefined--
9.864921   --undefined--
9.879921   --undefined--
9.894921   --undefined--
END PITCH
0.4452858011078966	1N
Time_s   F0_Hz
9.901967   --undefined--
9.916967   --undefined--
9.931967   --undefined--
9.946967   --undefined--
9.961967   --undefined--
9.976967   --undefined--
9.991967   196.031668
10.006967   180.099374
10.021967   177.593790
10.036967   178.325114
10.051967   178.235868
10.066967   178.363839
10.081967   178.523233
10.096967   179.138144
10.111967   179.847166
10.126967   180.296510
10.141967   180.364719
10.156967   179.751469
10.171967   179.875021
10.186967   180.697369
10.201967   181.160285
10.216967   181.878676
10.231967   183.162357
10.246967   188.320153
10.261967   193.235984
10.276967   190.251869
10.291967   188.419444
10.306967   187.218284
10.321967   183.481622
10.336967   184.927753
END PITCH
