#Each entry contains the duration of a syllable (in seconds), an optional label, and a pitch time series.
0.472864589219786	2N
Time_s   F0_Hz
0.387273   --undefined--
0.402273   --undefined--
0.417273   --undefined--
0.432273   --undefined--
0.447273   --undefined--
0.462273   --undefined--
0.477273   --undefined--
0.492273   --undefined--
0.507273   --undefined--
0.522273   --undefined--
0.537273   --undefined--
0.552273   222.296510
0.567273   211.086819
0.582273   203.415732
0.597273   199.989417
0.612273   195.159845
0.627273   193.093452
0.642273   194.333800
0.657273   197.767459
0.672273   202.456991
0.687273   204.347750
0.702273   208.129529
0.717273   213.010176
0.732273   218.775037
0.747273   223.052128
0.762273   223.975654
0.777273   223.600922
0.792273   221.825321
0.807273   218.025030
0.822273   216.950900
0.837273   233.805855
0.852273   241.347846
END PITCH
0.13379984385007226	3Y
Time_s   F0_Hz
1.013209   --undefined--
1.028209   --undefined--
1.043209   158.006798
1.058209   156.745022
1.073209   160.810089
1.088209   170.348737
1.103209   170.629918
1.118209   172.193048
1.133209   167.931816
END PITCH
0.3239364640580693	1Y
Time_s   F0_Hz
1.144575   --undefined--
1.159575   --undefined--
1.174575   --undefined--
1.189575   --undefined--
1.204575   228.404556
1.219575   226.258907
1.234575   222.668996
1.249575   220.693074
1.264575   219.597819
1.279575   218.365741
1.294575   217.565589
1.309575   218.210224
1.324575   219.514685
1.339575   220.239900
1.354575   220.922226
1.369575   221.393924
1.384575   222.984670
1.399575   225.930682
1.414575   228.484208
1.429575   228.277478
1.444575   230.304018
1.459575   228.057681
END PITCH
0.2534794605087993	4Y
Time_s   F0_Hz
1.960011   --undefined--
1.975011   --undefined--
1.990011   231.132171
2.005011   226.078887
2.020011   221.914112
2.035011   216.405332
2.050011   210.089478
2.065011   206.936643
2.080011   203.711848
2.095011   198.559710
2.110011   193.014762
2.125011   188.903395
2.140011   185.220206
2.155011   182.018909
2.170011   182.597099
2.185011   186.998464
2.200011   192.746283
END PITCH
0.17253137759614567	4Y
Time_s   F0_Hz
2.210516   --undefined--
2.225516   --undefined--
2.240516   --undefined--
2.255516   --undefined--
2.270516   --undefined--
2.285516   249.544786
2.300516   243.724451
2.315516   239.088849
2.330516   235.663391
2.345516   232.818690
2.360516   232.135086
2.375516   232.202008
END PITCH
0.16196823202903454	3Y
Time_s   F0_Hz
2.385261   228.713182
2.400261   229.639762
2.415261   233.980963
2.430261   218.077511
2.445261   207.704317
2.460261   193.440625
2.475261   171.031371
2.490261   158.479084
2.505261   144.319197
2.520261   144.492358
2.535261   162.324238
END PITCH
0.2920209298660206	4N
Time_s   F0_Hz
2.544756   --undefined--
2.559756   --undefined--
2.574756   --undefined--
2.589756   --undefined--
2.604756   --undefined--
2.619756   228.157983
2.634756   224.727749
2.649756   222.349357
2.664756   219.358153
2.679756   214.180623
2.694756   208.927376
2.709756   205.240321
2.724756   199.627763
2.739756   188.824371
2.754756   --undefined--
2.769756   --undefined--
2.784756   --undefined--
2.799756   --undefined--
2.814756   --undefined--
2.829756   --undefined--
END PITCH
0.17600000000000016	3Y
Time_s   F0_Hz
3.494779   --undefined--
3.509779   --undefined--
3.524779   --undefined--
3.539779   86.697932
3.554779   86.037288
3.569779   84.085985
3.584779   164.400324
3.599779   167.156290
3.614779   170.487541
3.629779   170.219463
3.644779   169.573988
3.659779   170.686783
END PITCH
0.10279150091263523	4Y
Time_s   F0_Hz
3.671678   --undefined--
3.686678   218.421197
3.701678   214.706285
3.716678   209.025484
3.731678   206.000250
3.746678   203.417513
3.761678   204.356130
END PITCH
0.09191116519051912	4Y
Time_s   F0_Hz
3.769025   209.820883
3.784025   208.416138
3.799025   203.905987
3.814025   --undefined--
3.829025   233.903270
3.844025   227.729883
3.859025   222.474373
END PITCH
0.15729733389684553	4N
Time_s   F0_Hz
3.863628   221.345912
3.878628   218.955595
3.893628   213.753785
3.908628   210.337094
3.923628   208.599482
3.938628   204.506015
3.953628   203.279279
3.968628   --undefined--
3.983628   --undefined--
3.998628   --undefined--
4.013628   --undefined--
END PITCH
0.1326081088752753	3Y
Time_s   F0_Hz
4.999569   220.865377
5.014569   193.770849
5.029569   179.201063
5.044569   176.976161
5.059569   175.360048
5.074569   176.962547
5.089569   182.356299
5.104569   187.167557
5.119569   195.471539
END PITCH
0.1073919799322951	4Y
Time_s   F0_Hz
5.127069   198.523620
5.142069   197.885291
5.157069   190.502933
5.172069   185.718622
5.187069   183.938562
5.202069   181.552181
5.217069   185.692466
5.232069   191.097649
END PITCH
0.07746306749214682	4Y
Time_s   F0_Hz
5.234507   191.545070
5.249507   --undefined--
5.264507   226.953613
5.279507   221.678405
5.294507   216.544894
5.309507   212.569108
END PITCH
0.14788403793955318	4N
Time_s   F0_Hz
5.317183   210.908600
5.332183   208.479013
5.347183   205.575785
5.362183   202.000012
5.377183   197.501055
5.392183   194.370721
5.407183   195.419918
5.422183   197.951277
5.437183   197.501710
5.452183   194.561236
END PITCH
0.25465280576072935	1Y
Time_s   F0_Hz
5.465941   188.166271
5.480941   193.667593
5.495941   199.797531
5.510941   191.847367
5.525941   192.523115
5.540941   --undefined--
5.555941   218.150984
5.570941   208.422601
5.585941   199.094722
5.600941   195.953954
5.615941   193.866526
5.630941   195.724386
5.645941   197.957855
5.660941   202.206774
5.675941   206.351540
5.690941   199.557438
5.705941   198.795293
END PITCH
0.12147617402177602	3Y
Time_s   F0_Hz
6.278084   --undefined--
6.293084   --undefined--
6.308084   172.520447
6.323084   178.089788
6.338084   183.117314
6.353084   190.844087
6.368084   202.261419
6.383084   206.798084
6.398084   199.099525
END PITCH
0.28696545457318035	3Y
Time_s   F0_Hz
6.399813   197.886072
6.414813   195.871474
6.429813   195.575184
6.444813   195.075504
6.459813   201.964923
6.474813   205.345326
6.489813   208.868116
6.504813   203.393538
6.519813   196.275442
6.534813   188.334709
6.549813   179.027028
6.564813   171.773011
6.579813   161.314247
6.594813   171.547598
6.609813   --undefined--
6.624813   --undefined--
6.639813   --undefined--
6.654813   --undefined--
6.669813   --undefined--
6.684813   --undefined--
END PITCH
0.3672873978987221	3Y
Time_s   F0_Hz
6.689444   --undefined--
6.704444   --undefined--
6.719444   --undefined--
6.734444   --undefined--
6.749444   --undefined--
6.764444   --undefined--
6.779444   --undefined--
6.794444   88.459770
6.809444   87.281803
6.824444   86.718349
6.839444   86.740317
6.854444   175.283358
6.869444   175.499023
6.884444   174.754789
6.899444   173.473842
6.914444   172.749742
6.929444   173.548842
6.944444   174.959693
6.959444   177.101827
6.974444   --undefined--
6.989444   85.937861
7.004444   --undefined--
7.019444   --undefined--
7.034444   --undefined--
7.049444   --undefined--
END PITCH
0.18309452316325636	2N
Time_s   F0_Hz
7.209558   --undefined--
7.224558   --undefined--
7.239558   --undefined--
7.254558   --undefined--
7.269558   --undefined--
7.284558   --undefined--
7.299558   234.333131
7.314558   239.513206
7.329558   240.773478
7.344558   243.802467
7.359558   246.554667
7.374558   245.602725
7.389558   241.866101
END PITCH
0.11091302845466533	3Y
Time_s   F0_Hz
7.394065   240.433180
7.409065   234.853703
7.424065   222.873916
7.439065   206.611436
7.454065   201.809948
7.469065   --undefined--
7.484065   --undefined--
7.499065   --undefined--
END PITCH
0.16340320113197837	1Y
Time_s   F0_Hz
7.508719   --undefined--
7.523719   236.472228
7.538719   235.368776
7.553719   233.283943
7.568719   223.138600
7.583719   222.078371
7.598719   221.369181
7.613719   221.750604
7.628719   222.550506
7.643719   227.755891
7.658719   232.924722
END PITCH
0.24119182378236648	1Y
Time_s   F0_Hz
7.666020   233.105550
7.681020   232.125142
7.696020   --undefined--
7.711020   --undefined--
7.726020   --undefined--
7.741020   --undefined--
7.756020   --undefined--
7.771020   --undefined--
7.786020   --undefined--
7.801020   --undefined--
7.816020   248.669480
7.831020   250.607011
7.846020   249.786606
7.861020   248.998019
7.876020   248.796544
7.891020   247.211740
7.906020   246.520085
END PITCH
0.17258668945864297	5Y
Time_s   F0_Hz
7.910414   246.066472
7.925414   242.727380
7.940414   237.609507
7.955414   232.801712
7.970414   228.316965
7.985414   222.468350
8.000414   207.576380
8.015414   198.200731
8.030414   188.941024
8.045414   179.535707
8.060414   172.759358
8.075414   --undefined--
END PITCH
0.14964456220073963	3Y
Time_s   F0_Hz
8.086525   59.598703
8.101525   59.108821
8.116525   --undefined--
8.131525   177.986420
8.146525   166.692788
8.161525   151.836958
8.176525   --undefined--
8.191525   --undefined--
8.206525   --undefined--
8.221525   --undefined--
END PITCH
0.2904865030955506	4Y
Time_s   F0_Hz
8.231582   --undefined--
8.246582   --undefined--
8.261582   --undefined--
8.276582   --undefined--
8.291582   --undefined--
8.306582   --undefined--
8.321582   218.759224
8.336582   227.295264
8.351582   233.578954
8.366582   229.887802
8.381582   221.224554
8.396582   207.708276
8.411582   200.581322
8.426582   193.883733
8.441582   190.076685
8.456582   189.293590
8.471582   192.892756
8.486582   207.344956
8.501582   207.598698
8.516582   202.739357
END PITCH
0.16797680053543118	4Y
Time_s   F0_Hz
8.682783   261.616260
8.697783   259.787844
8.712783   254.446389
8.727783   247.524202
8.742783   240.151452
8.757783   232.633837
8.772783   226.796638
8.787783   221.117504
8.802783   214.916259
8.817783   216.557784
8.832783   212.820988
8.847783   216.239972
END PITCH
0.20800000000000196	3N
Time_s   F0_Hz
8.855777   222.347554
8.870777   212.596228
8.885777   195.168190
8.900777   186.870633
8.915777   178.130979
8.930777   --undefined--
8.945777   --undefined--
8.960777   --undefined--
8.975777   --undefined--
8.990777   --undefined--
9.005777   --undefined--
9.020777   172.271720
9.035777   172.455884
9.050777   --undefined--
END PITCH
0.10915250419347977	4Y
Time_s   F0_Hz
9.402806   261.076516
9.417806   249.126054
9.432806   237.493266
9.447806   229.599773
9.462806   225.194134
9.477806   223.210488
9.492806   221.841231
9.507806   218.003370
END PITCH
0.1566866592454783	4Y
Time_s   F0_Hz
9.513220   215.386149
9.528220   217.255117
9.543220   217.581659
9.558220   219.596163
9.573220   252.301425
9.588220   253.682474
9.603220   245.534658
9.618220   240.697936
9.633220   239.445549
9.648220   238.319729
9.663220   235.026996
END PITCH
0.047534155052000315	1Y
Time_s   F0_Hz
9.667829   233.571237
9.682829   229.121877
9.697829   225.218601
9.712829   220.161136
END PITCH
0.059857824880294785	4Y
Time_s   F0_Hz
9.721525   219.081595
9.736525   216.143099
9.751525   214.998940
9.766525   216.008531
END PITCH
0.17185814253466702	2N
Time_s   F0_Hz
9.777375   214.967927
9.792375   210.778648
9.807375   218.509914
9.822375   225.051982
9.837375   285.995225
9.852375   --undefined--
9.867375   --undefined--
9.882375   223.339135
9.897375   202.991067
9.912375   195.756707
9.927375   193.826645
9.942375   200.697765
END PITCH
0.15844718350666476	4Y
Time_s   F0_Hz
9.950034   204.621879
9.965034   209.496168
9.980034   211.407148
9.995034   212.265123
10.010034   215.586313
10.025034   215.026370
10.040034   212.544389
10.055034   210.364838
10.070034   208.646644
10.085034   206.040471
10.100034   200.566544
END PITCH
0.3130148938695978	1N
Time_s   F0_Hz
10.110771   --undefined--
10.125771   --undefined--
10.140771   --undefined--
10.155771   --undefined--
10.170771   --undefined--
10.185771   --undefined--
10.200771   226.309090
10.215771   215.655238
10.230771   210.638468
10.245771   209.808430
10.260771   210.606229
10.275771   211.018386
10.290771   211.079164
10.305771   210.642457
10.320771   209.795126
10.335771   207.580213
10.350771   210.629135
10.365771   215.721617
10.380771   217.390148
10.395771   220.030771
10.410771   223.157119
END PITCH
0.19473389555757592	4Y
Time_s   F0_Hz
11.511315   258.676722
11.526315   258.104870
11.541315   265.485041
11.556315   269.764846
11.571315   266.667048
11.586315   258.450978
11.601315   247.781101
11.616315   237.114158
11.631315   227.097142
11.646315   219.214174
11.661315   211.578638
11.676315   203.895008
11.691315   201.392117
END PITCH
0.2940075516179199	3N
Time_s   F0_Hz
11.703192   --undefined--
11.718192   --undefined--
11.733192   --undefined--
11.748192   --undefined--
11.763192   --undefined--
11.778192   176.762482
11.793192   175.882092
11.808192   171.166365
11.823192   163.828840
11.838192   --undefined--
11.853192   --undefined--
11.868192   --undefined--
11.883192   --undefined--
11.898192   --undefined--
11.913192   --undefined--
11.928192   --undefined--
11.943192   --undefined--
11.958192   --undefined--
11.973192   --undefined--
11.988192   --undefined--
END PITCH
0.19686422446699758	2Y
Time_s   F0_Hz
12.117591   --undefined--
12.132591   --undefined--
12.147591   --undefined--
12.162591   --undefined--
12.177591   --undefined--
12.192591   203.452784
12.207591   190.606805
12.222591   185.343775
12.237591   187.352667
12.252591   190.653510
12.267591   198.212736
12.282591   211.149401
12.297591   214.354330
12.312591   207.857828
END PITCH
0.3732311433712532	2N
Time_s   F0_Hz
12.320136   205.941874
12.335136   213.502236
12.350136   210.877066
12.365136   --undefined--
12.380136   --undefined--
12.395136   --undefined--
12.410136   --undefined--
12.425136   --undefined--
12.440136   --undefined--
12.455136   191.153090
12.470136   181.412073
12.485136   177.237281
12.500136   174.515315
12.515136   171.841461
12.530136   170.490360
12.545136   169.204781
12.560136   167.616298
12.575136   166.308755
12.590136   166.613162
12.605136   169.533202
12.620136   171.249904
12.635136   171.357236
12.650136   173.291940
12.665136   180.600971
12.680136   178.396027
END PITCH
0.19402747337860227	1N
Time_s   F0_Hz
13.000465   --undefined--
13.015465   --undefined--
13.030465   --undefined--
13.045465   236.471793
13.060465   235.022999
13.075465   234.334011
13.090465   232.161666
13.105465   232.927563
13.120465   236.003350
13.135465   237.350282
13.150465   237.068331
13.165465   234.069184
13.180465   231.329057
END PITCH
0.12499722254414536	4Y
Time_s   F0_Hz
13.189977   230.269269
13.204977   229.736210
13.219977   230.635294
13.234977   226.127736
13.249977   216.739307
13.264977   206.987932
13.279977   212.336048
13.294977   221.915940
13.309977   225.413821
END PITCH
0.13309034415105359	4Y
Time_s   F0_Hz
13.394728   --undefined--
13.409728   --undefined--
13.424728   262.481484
13.439728   263.015294
13.454728   261.799764
13.469728   253.929238
13.484728   244.569603
13.499728   234.669081
13.514728   225.810731
END PITCH
0.11129697299544361	5Y
Time_s   F0_Hz
13.524416   222.718964
13.539416   217.949598
13.554416   209.605529
13.569416   203.034149
13.584416   198.544646
13.599416   194.668464
13.614416   194.734407
13.629416   199.108693
END PITCH
0.10915250419347977	4Y
Time_s   F0_Hz
13.634643   201.318944
13.649643   --undefined--
13.664643   --undefined--
13.679643   231.468797
13.694643   221.523639
13.709643   219.166985
13.724643   219.664597
13.739643   216.316193
END PITCH
0.2144584047063507	1N
Time_s   F0_Hz
13.743957   215.300238
13.758957   218.462215
13.773957   216.381830
13.788957   216.689361
13.803957   --undefined--
13.818957   --undefined--
13.833957   --undefined--
13.848957   250.050170
13.863957   242.847294
13.878957   234.358383
13.893957   227.579219
13.908957   224.517017
13.923957   223.414791
13.938957   221.492523
13.953957   219.149240
END PITCH
0.08978673732044307	4Y
Time_s   F0_Hz
13.963577   216.145161
13.978577   211.874168
13.993577   212.633504
14.008577   211.239345
14.023577   207.905287
14.038577   202.538110
END PITCH
0.1672498048125899	2N
Time_s   F0_Hz
14.047092   196.500785
14.062092   202.701062
14.077092   212.549779
14.092092   --undefined--
14.107092   --undefined--
14.122092   210.559750
14.137092   200.517723
14.152092   184.833029
14.167092   178.381339
14.182092   176.098464
14.197092   176.419159
14.212092   178.496448
END PITCH
0.10496928298213071	4Y
Time_s   F0_Hz
14.220703   179.530072
14.235703   180.369939
14.250703   179.299967
14.265703   178.272839
14.280703   178.580827
14.295703   178.154569
14.310703   178.808011
END PITCH
0.20636220557939566	1N
Time_s   F0_Hz
14.323872   178.601081
14.338872   173.933955
14.353872   --undefined--
14.368872   --undefined--
14.383872   198.055532
14.398872   187.421790
14.413872   185.649031
14.428872   186.015305
14.443872   186.421107
14.458872   186.821539
14.473872   186.839821
14.488872   185.111062
14.503872   180.723328
14.518872   174.181667
END PITCH
0.1426024651559974	3Y
Time_s   F0_Hz
14.528350   169.051078
14.543350   159.045311
14.558350   147.514906
14.573350   145.771069
14.588350   --undefined--
14.603350   --undefined--
14.618350   147.589307
14.633350   144.996650
14.648350   137.733514
14.663350   132.886137
END PITCH
0.3661890463265127	4Y
Time_s   F0_Hz
14.670238   --undefined--
14.685238   --undefined--
14.700238   --undefined--
14.715238   --undefined--
14.730238   --undefined--
14.745238   --undefined--
14.760238   --undefined--
14.775238   --undefined--
14.790238   --undefined--
14.805238   180.201664
14.820238   182.103688
14.835238   187.493161
14.850238   186.723712
14.865238   174.756753
14.880238   164.464877
14.895238   155.336215
14.910238   149.088873
14.925238   --undefined--
14.940238   --undefined--
14.955238   --undefined--
14.970238   --undefined--
14.985238   --undefined--
15.000238   189.612171
15.015238   180.365882
15.030238   178.483801
END PITCH
0.139188145827692	4Y
Time_s   F0_Hz
15.035437   177.829991
15.050437   --undefined--
15.065437   --undefined--
15.080437   --undefined--
15.095437   --undefined--
15.110437   --undefined--
15.125437   --undefined--
15.140437   182.172826
15.155437   178.361044
15.170437   180.236082
END PITCH
0.19365766873036705	3Y
Time_s   F0_Hz
15.179365   --undefined--
15.194365   --undefined--
15.209365   --undefined--
15.224365   --undefined--
15.239365   --undefined--
15.254365   --undefined--
15.269365   --undefined--
15.284365   --undefined--
15.299365   --undefined--
15.314365   187.944671
15.329365   188.710977
15.344365   187.177576
15.359365   182.119651
END PITCH
0.10211040714873754	5Y
Time_s   F0_Hz
15.372245   180.091209
15.387245   176.709678
15.402245   170.919278
15.417245   160.590175
15.432245   147.729946
15.447245   145.596947
15.462245   --undefined--
END PITCH
0.2929763542208583	4N
Time_s   F0_Hz
15.472285   --undefined--
15.487285   --undefined--
15.502285   --undefined--
15.517285   --undefined--
15.532285   --undefined--
15.547285   --undefined--
15.562285   --undefined--
15.577285   --undefined--
15.592285   --undefined--
15.607285   192.396043
15.622285   200.721046
15.637285   206.656982
15.652285   203.822123
15.667285   193.801700
15.682285   183.126131
15.697285   176.489369
15.712285   172.967319
15.727285   171.355626
15.742285   171.895872
15.757285   172.679086
END PITCH
0.1823651962991324	4Y
Time_s   F0_Hz
15.762460   172.342855
15.777460   181.908568
15.792460   179.425607
15.807460   176.000148
15.822460   172.839862
15.837460   168.520532
15.852460   167.233586
15.867460   165.827257
15.882460   162.896877
15.897460   158.798319
15.912460   157.478233
15.927460   154.417946
15.942460   149.483395
END PITCH
0.15492613498429186	2Y
Time_s   F0_Hz
15.946111   148.449115
15.961111   145.442533
15.976111   --undefined--
15.991111   --undefined--
16.006111   --undefined--
16.021111   --undefined--
16.036111   --undefined--
16.051111   --undefined--
16.066111   --undefined--
16.081111   --undefined--
16.096111   --undefined--
END PITCH
0.35070866871657813	4Y
Time_s   F0_Hz
16.101423   --undefined--
16.116423   --undefined--
16.131423   --undefined--
16.146423   --undefined--
16.161423   --undefined--
16.176423   --undefined--
16.191423   --undefined--
16.206423   --undefined--
16.221423   166.728999
16.236423   163.517231
16.251423   160.519087
16.266423   156.576301
16.281423   152.970368
16.296423   147.744114
16.311423   143.155096
16.326423   137.882144
16.341423   134.099644
16.356423   132.715427
16.371423   --undefined--
16.386423   --undefined--
16.401423   --undefined--
16.416423   --undefined--
16.431423   --undefined--
16.446423   --undefined--
END PITCH
0.22201550802488867	2Y
Time_s   F0_Hz
16.855283   --undefined--
16.870283   --undefined--
16.885283   --undefined--
16.900283   --undefined--
16.915283   183.087719
16.930283   175.121311
16.945283   169.399899
16.960283   163.080458
16.975283   157.767174
16.990283   154.197470
17.005283   155.399372
17.020283   164.097108
17.035283   174.859137
17.050283   173.236334
17.065283   171.302852
END PITCH
0.17253137759614745	5Y
Time_s   F0_Hz
17.075062   171.383079
17.090062   171.127376
17.105062   166.857012
17.120062   --undefined--
17.135062   202.095592
17.150062   192.680817
17.165062   183.838839
17.180062   175.522254
17.195062   166.270904
17.210062   164.512368
17.225062   168.399551
17.240062   172.049324
END PITCH
0.21830500838695954	4N
Time_s   F0_Hz
17.247982   171.776584
17.262982   171.231622
17.277982   172.436881
17.292982   168.689342
17.307982   --undefined--
17.322982   --undefined--
17.337982   --undefined--
17.352982   219.006786
17.367982   215.454137
17.382982   207.552462
17.397982   202.797567
17.412982   199.359074
17.427982   193.769760
17.442982   188.697327
17.457982   187.094165
END PITCH
0.21478395986458665	4N
Time_s   F0_Hz
17.464524   187.022651
17.479524   185.530121
17.494524   184.122776
17.509524   181.352287
17.524524   178.031789
17.539524   176.338516
17.554524   172.953497
17.569524   170.264521
17.584524   --undefined--
17.599524   --undefined--
17.614524   --undefined--
17.629524   --undefined--
17.644524   169.197549
17.659524   176.838659
17.674524   173.303620
END PITCH
0.2112629113422173	3Y
Time_s   F0_Hz
17.677540   172.322515
17.692540   169.884426
17.707540   169.682159
17.722540   173.213234
17.737540   --undefined--
17.752540   --undefined--
17.767540   --undefined--
17.782540   --undefined--
17.797540   --undefined--
17.812540   --undefined--
17.827540   --undefined--
17.842540   --undefined--
17.857540   --undefined--
17.872540   --undefined--
17.887540   --undefined--
END PITCH
0.32110123478520336	5Y
Time_s   F0_Hz
17.891219   220.210872
17.906219   216.947338
17.921219   210.774216
17.936219   --undefined--
17.951219   --undefined--
17.966219   --undefined--
17.981219   --undefined--
17.996219   --undefined--
18.011219   --undefined--
18.026219   --undefined--
18.041219   --undefined--
18.056219   86.430743
18.071219   85.522191
18.086219   --undefined--
18.101219   --undefined--
18.116219   --undefined--
18.131219   --undefined--
18.146219   --undefined--
18.161219   --undefined--
18.176219   --undefined--
18.191219   172.962803
18.206219   175.262675
END PITCH
0.3520000000000003	NONE
Time_s   F0_Hz
18.868781   --undefined--
18.883781   --undefined--
18.898781   --undefined--
18.913781   --undefined--
18.928781   --undefined--
18.943781   --undefined--
18.958781   --undefined--
18.973781   --undefined--
18.988781   --undefined--
19.003781   --undefined--
19.018781   --undefined--
19.033781   --undefined--
19.048781   245.797834
19.063781   242.375390
19.078781   237.622608
19.093781   233.638053
19.108781   228.484902
19.123781   217.620960
19.138781   209.043618
19.153781   205.458888
19.168781   200.005366
19.183781   196.356800
19.198781   198.541520
19.213781   205.671832
END PITCH
0.2079999999999984	NONE
Time_s   F0_Hz
19.223781   205.286602
19.238781   202.202355
19.253781   --undefined--
19.268781   --undefined--
19.283781   --undefined--
19.298781   --undefined--
19.313781   --undefined--
19.328781   --undefined--
19.343781   --undefined--
19.358781   --undefined--
19.373781   --undefined--
19.388781   --undefined--
19.403781   --undefined--
19.418781   --undefined--
END PITCH
0.12779726120533041	4Y
Time_s   F0_Hz
19.704921   --undefined--
19.719921   --undefined--
19.734921   --undefined--
19.749921   --undefined--
19.764921   --undefined--
19.779921   --undefined--
19.794921   --undefined--
19.809921   --undefined--
19.824921   --undefined--
END PITCH
0.13311734234338246	3Y
Time_s   F0_Hz
19.835374   --undefined--
19.850374   --undefined--
19.865374   --undefined--
19.880374   --undefined--
19.895374   175.453849
19.910374   171.177651
19.925374   163.211524
19.940374   --undefined--
19.955374   --undefined--
END PITCH
0.10132812626138232	5Y
Time_s   F0_Hz
19.967596   --undefined--
19.982596   --undefined--
19.997596   --undefined--
20.012596   --undefined--
20.027596   --undefined--
20.042596   --undefined--
20.057596   --undefined--
END PITCH
0.12914369033313378	5Y
Time_s   F0_Hz
20.067834   --undefined--
20.082834   92.811832
20.097834   89.346945
20.112834   86.686921
20.127834   84.162369
20.142834   89.054012
20.157834   89.366982
20.172834   --undefined--
20.187834   --undefined--
END PITCH
0.15298560239463654	4Y
Time_s   F0_Hz
20.193900   --undefined--
20.208900   --undefined--
20.223900   --undefined--
20.238900   --undefined--
20.253900   --undefined--
20.268900   180.157330
20.283900   178.232384
20.298900   177.584089
20.313900   173.808304
20.328900   169.036287
20.343900   168.697456
END PITCH
0.11523590829725805	4Y
Time_s   F0_Hz
20.350516   172.492490
20.365516   172.385939
20.380516   --undefined--
20.395516   --undefined--
20.410516   --undefined--
20.425516   160.042299
20.440516   159.384170
20.455516   153.685942
END PITCH
0.13510416834851213	3Y
Time_s   F0_Hz
20.460686   --undefined--
20.475686   --undefined--
20.490686   --undefined--
20.505686   --undefined--
20.520686   --undefined--
20.535686   180.376865
20.550686   173.775704
20.565686   172.606564
20.580686   167.107293
20.595686   176.501370
END PITCH
0.20662990453301333	4N
Time_s   F0_Hz
20.601548   --undefined--
20.616548   --undefined--
20.631548   --undefined--
20.646548   --undefined--
20.661548   --undefined--
20.676548   163.634050
20.691548   161.370434
20.706548   159.565399
20.721548   153.202525
20.736548   146.021760
20.751548   --undefined--
20.766548   --undefined--
20.781548   --undefined--
20.796548   --undefined--
END PITCH
