#Each entry contains the duration of a syllable (in seconds), an optional label, and a pitch time series.
0.19539639035994144	1Y
Time_s   F0_Hz
0.462670   160.279322
0.477670   163.682339
0.492670   165.798246
0.507670   170.135334
0.522670   173.743675
0.537670   175.840315
0.552670   179.779353
0.567670   182.426359
0.582670   181.614838
0.597670   181.601840
0.612670   182.304329
0.627670   182.447407
0.642670   180.197713
0.657670   180.405767
END PITCH
0.20401681934640947	1Y
Time_s   F0_Hz
0.662375   180.854204
0.677375   180.286523
0.692375   180.410901
0.707375   180.189631
0.722375   181.655958
0.737375   180.599753
0.752375   179.465896
0.767375   179.164019
0.782375   178.983350
0.797375   177.714672
0.812375   177.713210
0.827375   180.608218
0.842375   178.369385
0.857375   179.462016
END PITCH
0.1752820560581827	3N
Time_s   F0_Hz
0.867024   --undefined--
0.882024   --undefined--
0.897024   --undefined--
0.912024   --undefined--
0.927024   --undefined--
0.942024   190.119083
0.957024   186.850627
0.972024   180.467190
0.987024   176.650648
1.002024   174.539385
1.017024   177.832670
1.032024   180.342363
END PITCH
0.15386785236905953	3Y
Time_s   F0_Hz
1.039093   180.714730
1.054093   180.606374
1.069093   178.885391
1.084093   176.109851
1.099093   174.645432
1.114093   171.057843
1.129093   166.426468
1.144093   163.727976
1.159093   158.458071
1.174093   158.697467
1.189093   157.185217
END PITCH
0.19094930708966062	4Y
Time_s   F0_Hz
1.196497   154.729636
1.211497   --undefined--
1.226497   --undefined--
1.241497   --undefined--
1.256497   --undefined--
1.271497   --undefined--
1.286497   --undefined--
1.301497   195.520705
1.316497   190.971939
1.331497   187.404072
1.346497   182.547925
1.361497   175.893177
1.376497   169.438284
END PITCH
0.24999244060757242	4Y
Time_s   F0_Hz
1.386973   170.284476
1.401973   178.150121
1.416973   182.262625
1.431973   183.223600
1.446973   182.714412
1.461973   181.068369
1.476973   179.118289
1.491973   175.469319
1.506973   172.039239
1.521973   170.909367
1.536973   170.878906
1.551973   170.087205
1.566973   169.404267
1.581973   168.048303
1.596973   166.470050
1.611973   163.864698
1.626973   168.724685
END PITCH
0.8550582523027668	4Y
Time_s   F0_Hz
1.632001   169.504980
1.647001   --undefined--
1.662001   --undefined--
1.677001   --undefined--
1.692001   --undefined--
1.707001   188.205327
1.722001   190.747703
1.737001   190.901558
1.752001   188.677705
1.767001   187.681746
1.782001   185.398681
1.797001   183.515369
1.812001   181.218844
1.827001   178.074459
1.842001   175.114397
1.857001   171.936643
1.872001   167.526701
1.887001   164.583118
1.902001   163.033042
1.917001   162.567122
1.932001   162.123409
1.947001   160.884123
1.962001   160.454123
1.977001   160.670302
1.992001   160.578707
2.007001   159.596354
2.022001   158.722388
2.037001   157.956535
2.052001   156.331558
2.067001   155.537978
2.082001   153.726084
2.097001   153.415294
2.112001   153.134249
2.127001   151.356504
2.142001   150.788616
2.157001   149.536181
2.172001   148.138377
2.187001   147.102106
2.202001   146.467177
2.217001   146.731546
2.232001   146.080089
2.247001   144.302937
2.262001   142.544281
2.277001   141.583767
2.292001   140.942258
2.307001   140.258692
2.322001   139.619745
2.337001   137.782721
2.352001   136.327165
2.367001   134.070527
2.382001   131.898606
2.397001   130.264102
2.412001   127.463244
2.427001   123.742333
2.442001   121.436215
2.457001   --undefined--
2.472001   --undefined--
2.487001   --undefined--
END PITCH
0.8029375894279127	5Y
Time_s   F0_Hz
2.491003   --undefined--
2.506003   --undefined--
2.521003   --undefined--
2.536003   138.218066
2.551003   139.593803
2.566003   151.433330
2.581003   160.641743
2.596003   168.738585
2.611003   175.386174
2.626003   178.984656
2.641003   179.860751
2.656003   177.650589
2.671003   175.660232
2.686003   175.774248
2.701003   175.164206
2.716003   174.192604
2.731003   173.249113
2.746003   171.954479
2.761003   170.616254
2.776003   169.561614
2.791003   169.254522
2.806003   168.373766
2.821003   166.486117
2.836003   165.370592
2.851003   163.994093
2.866003   162.955751
2.881003   161.702738
2.896003   160.281545
2.911003   158.888491
2.926003   158.291437
2.941003   156.599121
2.956003   154.329870
2.971003   152.682033
2.986003   151.857666
3.001003   150.778758
3.016003   150.397742
3.031003   149.824414
3.046003   149.410620
3.061003   149.842923
3.076003   149.776561
3.091003   148.733765
3.106003   147.851737
3.121003   145.978238
3.136003   144.616816
3.151003   142.908695
3.166003   141.581107
3.181003   139.918554
3.196003   137.732853
3.211003   135.471282
3.226003   135.699317
3.241003   --undefined--
3.256003   --undefined--
3.271003   --undefined--
3.286003   --undefined--
END PITCH
1.1650624105720873	5Y
Time_s   F0_Hz
3.295006   --undefined--
3.310006   --undefined--
3.325006   --undefined--
3.340006   --undefined--
3.355006   127.769680
3.370006   135.118996
3.385006   149.418185
3.400006   163.168482
3.415006   171.154987
3.430006   171.089469
3.445006   179.683361
3.460006   183.505688
3.475006   183.395559
3.490006   182.516496
3.505006   180.950337
3.520006   179.590828
3.535006   178.949505
3.550006   178.658441
3.565006   177.283577
3.580006   175.807256
3.595006   174.732009
3.610006   173.257091
3.625006   171.712957
3.640006   170.112922
3.655006   168.344551
3.670006   167.493778
3.685006   166.655488
3.700006   165.697505
3.715006   164.942724
3.730006   164.116796
3.745006   163.198885
3.760006   162.168971
3.775006   161.095801
3.790006   160.360876
3.805006   159.786102
3.820006   158.923503
3.835006   157.566606
3.850006   156.325240
3.865006   155.697898
3.880006   155.090830
3.895006   154.023178
3.910006   152.664738
3.925006   152.195740
3.940006   151.246585
3.955006   150.227309
3.970006   149.268744
3.985006   147.802662
4.000006   146.232929
4.015006   144.688983
4.030006   142.784942
4.045006   142.149308
4.060006   141.932321
4.075006   141.247356
4.090006   139.287183
4.105006   135.689070
4.120006   132.411351
4.135006   131.651099
4.150006   131.072462
4.165006   131.389923
4.180006   130.010078
4.195006   129.436566
4.210006   128.694841
4.225006   125.950284
4.240006   125.479839
4.255006   124.405023
4.270006   124.139639
4.285006   124.488746
4.300006   122.674615
4.315006   122.245048
4.330006   121.556180
4.345006   121.699833
4.360006   123.588832
4.375006   --undefined--
4.390006   --undefined--
4.405006   160.575138
4.420006   150.062280
4.435006   150.241089
4.450006   --undefined--
END PITCH
0.4735382676870845	1Y
Time_s   F0_Hz
4.843294   --undefined--
4.858294   --undefined--
4.873294   180.726301
4.888294   179.460574
4.903294   175.731046
4.918294   173.891486
4.933294   172.760273
4.948294   170.778084
4.963294   171.552914
4.978294   171.321883
4.993294   171.718448
5.008294   171.481202
5.023294   171.370392
5.038294   171.667530
5.053294   171.070604
5.068294   169.700925
5.083294   169.152783
5.098294   168.890121
5.113294   169.239359
5.128294   168.898864
5.143294   168.362037
5.158294   168.499759
5.173294   168.881588
5.188294   169.618724
5.203294   170.014309
5.218294   169.374738
5.233294   170.448637
5.248294   171.300774
5.263294   170.480675
5.278294   169.698361
5.293294   169.726369
5.308294   171.189635
END PITCH
0.5517074551339531	1Y
Time_s   F0_Hz
5.318424   174.494141
5.333424   171.826987
5.348424   169.674933
5.363424   --undefined--
5.378424   --undefined--
5.393424   --undefined--
5.408424   --undefined--
5.423424   182.823158
5.438424   179.829256
5.453424   178.950524
5.468424   177.973992
5.483424   176.244220
5.498424   174.131772
5.513424   171.989536
5.528424   170.727192
5.543424   169.650222
5.558424   169.055424
5.573424   168.596064
5.588424   167.705546
5.603424   167.135287
5.618424   166.672212
5.633424   167.691797
5.648424   168.470625
5.663424   168.355582
5.678424   168.082864
5.693424   167.757150
5.708424   168.391554
5.723424   169.094219
5.738424   169.917837
5.753424   169.758516
5.768424   170.373296
5.783424   171.077590
5.798424   172.211517
5.813424   173.051337
5.828424   173.306885
5.843424   172.767182
5.858424   170.138993
END PITCH
0.29596806186873437	4Y
Time_s   F0_Hz
5.869768   168.511345
5.884768   --undefined--
5.899768   --undefined--
5.914768   --undefined--
5.929768   --undefined--
5.944768   --undefined--
5.959768   --undefined--
5.974768   --undefined--
5.989768   --undefined--
6.004768   204.683603
6.019768   200.025932
6.034768   192.105451
6.049768   183.554287
6.064768   176.827719
6.079768   172.489540
6.094768   169.631919
6.109768   166.907735
6.124768   165.227036
6.139768   165.353138
6.154768   163.970796
END PITCH
0.27872720389579886	4Y
Time_s   F0_Hz
6.164615   161.380258
6.179615   167.690185
6.194615   --undefined--
6.209615   --undefined--
6.224615   167.009234
6.239615   168.773110
6.254615   --undefined--
6.269615   182.051130
6.284615   178.666596
6.299615   176.654968
6.314615   174.413131
6.329615   174.172932
6.344615   173.370566
6.359615   173.457400
6.374615   172.361739
6.389615   170.248031
6.404615   167.948967
6.419615   165.655113
6.434615   163.106039
END PITCH
0.9511206648403041	4Y
Time_s   F0_Hz
6.442035   162.238066
6.457035   168.060850
6.472035   168.626173
6.487035   --undefined--
6.502035   --undefined--
6.517035   --undefined--
6.532035   --undefined--
6.547035   196.125542
6.562035   198.268288
6.577035   198.508204
6.592035   193.985328
6.607035   190.021498
6.622035   188.290613
6.637035   185.042332
6.652035   182.315234
6.667035   179.502711
6.682035   176.934740
6.697035   175.372225
6.712035   173.258948
6.727035   171.068372
6.742035   169.340225
6.757035   166.984978
6.772035   164.613910
6.787035   162.264917
6.802035   161.750002
6.817035   161.905070
6.832035   160.454478
6.847035   158.997883
6.862035   157.940900
6.877035   156.471679
6.892035   154.862489
6.907035   153.221081
6.922035   151.893443
6.937035   149.828453
6.952035   147.203044
6.967035   144.882555
6.982035   143.537083
6.997035   141.895805
7.012035   140.742644
7.027035   140.864943
7.042035   140.214600
7.057035   138.543433
7.072035   136.377958
7.087035   135.541105
7.102035   133.990181
7.117035   133.038366
7.132035   131.784200
7.147035   130.923051
7.162035   130.883539
7.177035   130.693451
7.192035   130.631498
7.207035   131.383991
7.222035   128.646681
7.237035   127.781100
7.252035   123.675290
7.267035   122.501171
7.282035   126.773359
7.297035   122.970637
7.312035   --undefined--
7.327035   173.838232
7.342035   175.843258
7.357035   173.823077
7.372035   168.843999
7.387035   --undefined--
END PITCH
