#Each entry contains the duration of a syllable (in seconds), an optional label, and a pitch time series.
0.17828879921541868	4Y
Time_s   F0_Hz
0.254325   274.444371
0.269325   254.292758
0.284325   310.799849
0.299325   308.456194
0.314325   297.999531
0.329325   296.397553
0.344325   150.560392
0.359325   149.893595
0.374325   149.522796
0.389325   148.243969
0.404325   147.126005
0.419325   145.666559
END PITCH
0.5257112007845813	4Y
Time_s   F0_Hz
0.426321   144.331451
0.441321   144.533695
0.456321   148.245638
0.471321   146.906898
0.486321   143.844089
0.501321   109.907171
0.516321   109.041042
0.531321   --undefined--
0.546321   257.407010
0.561321   254.614229
0.576321   248.653878
0.591321   243.677334
0.606321   243.118917
0.621321   244.618372
0.636321   243.843709
0.651321   243.585311
0.666321   240.587080
0.681321   238.752440
0.696321   238.231511
0.711321   238.097102
0.726321   238.388924
0.741321   238.276273
0.756321   239.259266
0.771321   237.588023
0.786321   234.923466
0.801321   235.463720
0.816321   --undefined--
0.831321   113.776377
0.846321   112.603051
0.861321   111.287772
0.876321   113.071345
0.891321   114.655334
0.906321   --undefined--
0.921321   --undefined--
0.936321   --undefined--
0.951321   --undefined--
END PITCH
0.1974205327246601	3Y
Time_s   F0_Hz
1.564813   223.764941
1.579813   227.119312
1.594813   231.843340
1.609813   233.106380
1.624813   235.883247
1.639813   238.895360
1.654813   242.077738
1.669813   251.428972
1.684813   261.302464
1.699813   263.295798
1.714813   266.725723
1.729813   270.373900
1.744813   269.742026
1.759813   272.216822
END PITCH
0.1731639952664461	2N
Time_s   F0_Hz
1.765108   274.595800
1.780108   278.719522
1.795108   273.743149
1.810108   268.052823
1.825108   258.710599
1.840108   255.734681
1.855108   262.290140
1.870108   263.059625
1.885108   260.054886
1.900108   260.640971
1.915108   263.657327
1.930108   267.473592
END PITCH
0.07766142818010313	5Y
Time_s   F0_Hz
1.935527   268.499718
1.950527   269.084124
1.965527   270.449285
1.980527   273.003280
1.995527   267.834629
2.010527   267.957010
END PITCH
0.21983026965078034	4Y
Time_s   F0_Hz
2.016769   269.443845
2.031769   265.809400
2.046769   264.124546
2.061769   270.789182
2.076769   273.992667
2.091769   267.093894
2.106769   260.956168
2.121769   251.089440
2.136769   244.966060
2.151769   246.074498
2.166769   243.509167
2.181769   243.544242
2.196769   246.792103
2.211769   243.980854
2.226769   230.112848
END PITCH
0.2601814612591502	2Y
Time_s   F0_Hz
2.234269   223.051953
2.249269   224.325408
2.264269   227.873377
2.279269   228.124330
2.294269   227.469158
2.309269   229.676419
2.324269   232.964062
2.339269   116.917497
2.354269   117.932112
2.369269   118.816215
2.384269   83.888112
2.399269   83.860210
2.414269   84.149975
2.429269   --undefined--
2.444269   269.558284
2.459269   283.767372
2.474269   275.291580
2.489269   272.640858
END PITCH
0.19300820403860408	4Y
Time_s   F0_Hz
2.498367   275.641750
2.513367   276.922669
2.528367   276.147266
2.543367   275.644751
2.558367   272.502520
2.573367   269.329763
2.588367   265.717028
2.603367   264.639817
2.618367   260.950296
2.633367   258.234929
2.648367   254.403672
2.663367   247.928503
2.678367   240.395401
END PITCH
0.2506905867120315	4Y
Time_s   F0_Hz
2.690215   237.904541
2.705215   236.328455
2.720215   233.882100
2.735215   231.035044
2.750215   229.184864
2.765215   229.128688
2.780215   232.594405
2.795215   237.779977
2.810215   239.665335
2.825215   239.258651
2.840215   242.217136
2.855215   245.327272
2.870215   249.995540
2.885215   245.760984
2.900215   239.415661
2.915215   237.967879
2.930215   --undefined--
END PITCH
0.544119747990214	2Y
Time_s   F0_Hz
2.937619   108.997697
2.952619   109.351173
2.967619   110.106042
2.982619   108.991257
2.997619   109.144036
3.012619   110.144946
3.027619   112.419693
3.042619   112.886998
3.057619   111.552836
3.072619   110.301967
3.087619   109.895083
3.102619   110.385346
3.117619   73.876749
3.132619   74.373412
3.147619   75.212341
3.162619   76.322182
3.177619   --undefined--
3.192619   --undefined--
3.207619   247.960319
3.222619   243.723368
3.237619   241.872426
3.252619   242.704276
3.267619   245.906991
3.282619   246.860309
3.297619   248.365252
3.312619   249.312088
3.327619   251.492770
3.342619   252.752767
3.357619   253.684609
3.372619   256.142137
3.387619   256.571366
3.402619   255.800303
3.417619   255.064411
3.432619   252.244280
3.447619   250.734981
3.462619   247.807689
3.477619   242.293259
END PITCH
0.29237810154821275	3N
Time_s   F0_Hz
3.483373   240.506018
3.498373   239.138748
3.513373   233.977623
3.528373   220.726979
3.543373   212.137002
3.558373   204.880146
3.573373   200.710411
3.588373   195.419378
3.603373   188.464381
3.618373   187.635039
3.633373   --undefined--
3.648373   --undefined--
3.663373   --undefined--
3.678373   194.912785
3.693373   202.200935
3.708373   199.464351
3.723373   --undefined--
3.738373   --undefined--
3.753373   --undefined--
3.768373   --undefined--
END PITCH
0.33593243591886024	4Y
Time_s   F0_Hz
3.775023   --undefined--
3.790023   --undefined--
3.805023   --undefined--
3.820023   --undefined--
3.835023   --undefined--
3.850023   --undefined--
3.865023   --undefined--
3.880023   300.194156
3.895023   281.732172
3.910023   281.806023
3.925023   278.962744
3.940023   279.789619
3.955023   285.732465
3.970023   306.423688
3.985023   329.306696
4.000023   356.200776
4.015023   358.819822
4.030023   361.383937
4.045023   365.173714
4.060023   366.240065
4.075023   364.471872
4.090023   359.250665
4.105023   340.008727
END PITCH
0.3842986425767805	3Y
Time_s   F0_Hz
4.112636   331.479520
4.127636   333.723152
4.142636   332.748060
4.157636   334.023138
4.172636   335.941800
4.187636   335.152824
4.202636   336.014442
4.217636   334.284290
4.232636   334.629585
4.247636   334.066169
4.262636   328.377258
4.277636   324.576123
4.292636   320.972067
4.307636   316.775898
4.322636   318.113351
4.337636   318.366136
4.352636   315.935107
4.367636   313.823328
4.382636   307.622564
4.397636   308.413792
4.412636   306.845343
4.427636   307.457515
4.442636   309.098558
4.457636   --undefined--
4.472636   --undefined--
4.487636   58.292847
END PITCH
0.224588454466784	2N
Time_s   F0_Hz
5.080000   316.430305
5.095000   337.124423
5.110000   --undefined--
5.125000   --undefined--
5.140000   --undefined--
5.155000   185.930408
5.170000   184.496469
5.185000   188.747251
5.200000   193.301582
5.215000   196.066324
5.230000   198.671992
5.245000   200.192300
5.260000   205.216671
5.275000   212.667933
5.290000   213.829239
END PITCH
0.13438985025566552	4Y
Time_s   F0_Hz
5.304490   216.062406
5.319490   220.492030
5.334490   223.442389
5.349490   223.530084
5.364490   226.315528
5.379490   228.673412
5.394490   224.209824
5.409490   218.250124
5.424490   222.478373
END PITCH
0.3196499850961452	4N
Time_s   F0_Hz
5.434008   227.043904
5.449008   --undefined--
5.464008   --undefined--
5.479008   321.631173
5.494008   338.393870
5.509008   363.552044
5.524008   365.501946
5.539008   --undefined--
5.554008   --undefined--
5.569008   268.043304
5.584008   261.960674
5.599008   257.287944
5.614008   252.493894
5.629008   246.283477
5.644008   239.802260
5.659008   237.599408
5.674008   236.238984
5.689008   235.518425
5.704008   235.208453
5.719008   230.815237
5.734008   229.116749
5.749008   226.406553
END PITCH
0.3363500149038545	4Y
Time_s   F0_Hz
5.754512   225.795770
5.769512   228.113634
5.784512   232.803649
5.799512   113.896212
5.814512   112.841803
5.829512   112.903305
5.844512   112.695887
5.859512   112.369036
5.874512   112.582629
5.889512   113.049225
5.904512   113.664667
5.919512   70.992289
5.934512   71.017433
5.949512   70.924700
5.964512   70.846806
5.979512   70.833503
5.994512   70.797761
6.009512   70.477967
6.024512   70.514948
6.039512   69.283051
6.054512   68.778485
6.069512   108.486846
6.084512   107.362243
END PITCH
0.30400000000000027	4Y
Time_s   F0_Hz
6.089683   107.962004
6.104683   110.522362
6.119683   110.555340
6.134683   109.860192
6.149683   109.116626
6.164683   108.878545
6.179683   109.146483
6.194683   109.186448
6.209683   109.112691
6.224683   109.050064
6.239683   108.279079
6.254683   106.638734
6.269683   --undefined--
6.284683   --undefined--
6.299683   330.879017
6.314683   327.767071
6.329683   323.822365
6.344683   314.135774
6.359683   317.759355
6.374683   318.158029
6.389683   315.877216
END PITCH
0.6719999999999997	4Y
Time_s   F0_Hz
6.397676   --undefined--
6.412676   195.443640
6.427676   193.228403
6.442676   190.989693
6.457676   188.389218
6.472676   186.593300
6.487676   183.645295
6.502676   178.989806
6.517676   177.920900
6.532676   176.699110
6.547676   177.630449
6.562676   176.081894
6.577676   174.210857
6.592676   170.857564
6.607676   --undefined--
6.622676   --undefined--
6.637676   --undefined--
6.652676   --undefined--
6.667676   --undefined--
6.682676   --undefined--
6.697676   --undefined--
6.712676   --undefined--
6.727676   159.055822
6.742676   160.114714
6.757676   160.281014
6.772676   160.458925
6.787676   --undefined--
6.802676   --undefined--
6.817676   --undefined--
6.832676   159.990113
6.847676   157.107248
6.862676   157.702048
6.877676   161.481946
6.892676   165.771817
6.907676   174.745765
6.922676   177.942911
6.937676   176.755960
6.952676   179.288545
6.967676   180.874626
6.982676   177.419931
6.997676   174.071047
7.012676   174.065941
7.027676   177.117569
7.042676   178.642941
7.057676   178.095830
END PITCH
0.14870855232699753	4N
Time_s   F0_Hz
8.558532   352.115331
8.573532   293.689855
8.588532   276.187391
8.603532   265.761626
8.618532   262.296054
8.633532   257.852925
8.648532   254.693378
8.663532   252.143779
8.678532   249.367555
8.693532   247.967907
END PITCH
0.2770623924263145	4Y
Time_s   F0_Hz
8.703923   244.680772
8.718923   240.571749
8.733923   242.154298
8.748923   241.671347
8.763923   237.301135
8.778923   233.728704
8.793923   229.196875
8.808923   227.533052
8.823923   225.579312
8.838923   221.528416
8.853923   219.453447
8.868923   218.545266
8.883923   217.636315
8.898923   213.897126
8.913923   212.609437
8.928923   213.382193
8.943923   212.900042
8.958923   204.320759
8.973923   203.255113
END PITCH
0.1994009642462089	4Y
Time_s   F0_Hz
8.979654   204.671368
8.994654   207.810210
9.009654   212.607073
9.024654   214.838494
9.039654   215.563576
9.054654   216.681923
9.069654   216.159571
9.084654   214.861122
9.099654   213.293202
9.114654   210.752717
9.129654   206.625439
9.144654   199.122495
9.159654   197.402065
9.174654   201.178630
END PITCH
0.25187490220574027	4Y
Time_s   F0_Hz
9.182789   204.654817
9.197789   206.001449
9.212789   208.096309
9.227789   206.659430
9.242789   212.349203
9.257789   203.683209
9.272789   199.863327
9.287789   198.215948
9.302789   196.351353
9.317789   195.671588
9.332789   195.704571
9.347789   194.401116
9.362789   193.325130
9.377789   192.631030
9.392789   191.842062
9.407789   190.905264
9.422789   188.495699
END PITCH
0.1847082616175424	4Y
Time_s   F0_Hz
9.431077   188.089680
9.446077   190.591941
9.461077   193.023718
9.476077   196.428530
9.491077   197.203171
9.506077   197.628649
9.521077   198.944373
9.536077   199.678259
9.551077   198.122262
9.566077   193.354090
9.581077   190.128986
9.596077   188.559128
9.611077   188.653871
END PITCH
0.6022449271771979	4Y
Time_s   F0_Hz
9.614558   190.596782
9.629558   192.925790
9.644558   193.299556
9.659558   193.769833
9.674558   206.988542
9.689558   198.673112
9.704558   195.913568
9.719558   193.925867
9.734558   191.587601
9.749558   189.291893
9.764558   189.060584
9.779558   188.881350
9.794558   188.606167
9.809558   188.031977
9.824558   186.991919
9.839558   185.338704
9.854558   183.609913
9.869558   181.746013
9.884558   180.892398
9.899558   180.540973
9.914558   180.119925
9.929558   179.282840
9.944558   178.526142
9.959558   178.188919
9.974558   176.307854
9.989558   173.937137
10.004558   174.545057
10.019558   174.607091
10.034558   173.597811
10.049558   173.415332
10.064558   173.885508
10.079558   174.668332
10.094558   176.444604
10.109558   178.777028
10.124558   183.626576
10.139558   186.773155
10.154558   184.205201
10.169558   180.377855
10.184558   179.814069
10.199558   183.334659
10.214558   187.697725
END PITCH
0.17600000000000193	1N
Time_s   F0_Hz
11.597183   190.342801
11.612183   --undefined--
11.627183   305.065154
11.642183   292.737482
11.657183   288.121844
11.672183   288.330251
11.687183   286.539601
11.702183   287.035787
11.717183   288.196420
11.732183   288.425464
11.747183   286.940319
11.762183   281.007384
END PITCH
0.1951136359329695	1N
Time_s   F0_Hz
11.767738   278.888651
11.782738   278.124800
11.797738   279.836750
11.812738   280.977459
11.827738   281.252212
11.842738   276.904751
11.857738   273.068482
11.872738   275.143587
11.887738   276.641305
11.902738   277.563330
11.917738   278.926668
11.932738   280.673299
11.947738   281.836389
11.962738   282.994151
END PITCH
0.20318908993529838	1N
Time_s   F0_Hz
11.966888   283.220973
11.981888   280.747321
11.996888   279.170952
12.011888   282.456160
12.026888   284.282735
12.041888   284.825500
12.056888   284.194113
12.071888   282.376996
12.086888   281.516230
12.101888   280.237339
12.116888   279.896174
12.131888   279.423740
12.146888   274.920587
12.161888   268.811161
END PITCH
0.21829158191164133	2N
Time_s   F0_Hz
12.170136   264.820859
12.185136   253.907560
12.200136   250.285951
12.215136   250.668598
12.230136   252.814864
12.245136   250.355327
12.260136   259.322732
12.275136   265.099269
12.290136   251.741861
12.305136   220.320905
12.320136   221.036843
12.335136   225.122491
12.350136   228.625968
12.365136   231.242030
12.380136   234.176452
END PITCH
0.1834056922200915	2N
Time_s   F0_Hz
12.385986   234.430500
12.400986   234.430612
12.415986   232.272478
12.430986   227.731576
12.445986   225.166564
12.460986   222.165312
12.475986   217.401798
12.490986   212.196193
12.505986   208.870837
12.520986   208.158899
12.535986   209.165200
12.550986   209.657597
12.565986   208.835992
END PITCH
0.2688300543928559	4Y
Time_s   F0_Hz
12.574598   --undefined--
12.589598   --undefined--
12.604598   --undefined--
12.619598   --undefined--
12.634598   --undefined--
12.649598   --undefined--
12.664598   231.483859
12.679598   234.820803
12.694598   234.444546
12.709598   230.864900
12.724598   228.038651
12.739598   231.412744
12.754598   232.932281
12.769598   --undefined--
12.784598   --undefined--
12.799598   --undefined--
12.814598   --undefined--
12.829598   --undefined--
END PITCH
0.13116994560714268	2N
Time_s   F0_Hz
12.842098   215.973988
12.857098   195.393710
12.872098   192.297112
12.887098   191.217475
12.902098   191.128040
12.917098   191.529719
12.932098   197.114295
12.947098   200.752913
12.962098   199.881764
END PITCH
0.30121530317937584	1N
Time_s   F0_Hz
12.968288   199.413851
12.983288   201.680786
12.998288   227.671788
13.013288   236.608594
13.028288   236.342713
13.043288   235.925485
13.058288   234.280033
13.073288   234.347706
13.088288   236.143776
13.103288   236.896763
13.118288   238.087900
13.133288   239.132932
13.148288   239.645135
13.163288   240.442532
13.178288   240.757617
13.193288   242.225877
13.208288   243.060071
13.223288   240.980665
13.238288   242.638512
13.253288   241.496313
13.268288   243.288020
END PITCH
0.15532285636020582	4Y
Time_s   F0_Hz
13.271553   242.616345
13.286553   236.812001
13.301553   228.396735
13.316553   216.591707
13.331553   208.010504
13.346553   203.124226
13.361553   198.606640
13.376553   198.825075
13.391553   202.082971
13.406553   201.830397
13.421553   201.780352
END PITCH
0.32746184046041726	4Y
Time_s   F0_Hz
13.430448   204.169583
13.445448   207.878537
13.460448   202.732643
13.475448   202.573238
13.490448   202.659301
13.505448   200.132417
13.520448   199.097168
13.535448   203.838912
13.550448   204.381243
13.565448   203.120713
13.580448   208.732251
13.595448   201.687519
13.610448   192.501055
13.625448   187.748135
13.640448   184.685830
13.655448   183.561647
13.670448   181.104138
13.685448   176.232691
13.700448   173.912501
13.715448   172.837246
13.730448   171.615364
13.745448   169.667946
END PITCH
0.25902522945938955	4Y
Time_s   F0_Hz
13.753690   169.918195
13.768690   171.327171
13.783690   171.210471
13.798690   171.315845
13.813690   170.636959
13.828690   170.138501
13.843690   169.003033
13.858690   167.977982
13.873690   166.541090
13.888690   165.710426
13.903690   165.883833
13.918690   165.129416
13.933690   162.044676
13.948690   159.908992
13.963690   163.699178
13.978690   163.161226
13.993690   157.379674
14.008690   159.287321
END PITCH
0.2435610300017519	4Y
Time_s   F0_Hz
14.012483   160.328507
14.027483   162.596038
14.042483   --undefined--
14.057483   --undefined--
14.072483   --undefined--
14.087483   --undefined--
14.102483   --undefined--
14.117483   --undefined--
14.132483   --undefined--
14.147483   --undefined--
14.162483   --undefined--
14.177483   --undefined--
14.192483   --undefined--
14.207483   --undefined--
14.222483   --undefined--
14.237483   --undefined--
14.252483   --undefined--
END PITCH
0.27286447738955033	1N
Time_s   F0_Hz
14.255692   --undefined--
14.270692   --undefined--
14.285692   --undefined--
14.300692   --undefined--
14.315692   --undefined--
14.330692   --undefined--
14.345692   --undefined--
14.360692   --undefined--
14.375692   --undefined--
14.390692   190.849024
14.405692   186.451092
14.420692   180.914830
14.435692   178.482270
14.450692   176.664047
14.465692   174.129338
14.480692   173.791179
14.495692   173.941914
14.510692   174.434526
14.525692   175.276840
END PITCH
0.10914579095581978	1N
Time_s   F0_Hz
14.529201   175.107333
14.544201   173.279403
14.559201   174.747696
14.574201   175.046949
14.589201   174.113760
14.604201   171.682456
14.619201   170.719800
14.634201   170.322332
END PITCH
0.19508374430233388	2N
Time_s   F0_Hz
14.636321   170.144740
14.651321   170.171147
14.666321   170.343738
14.681321   168.338558
14.696321   174.781573
14.711321   --undefined--
14.726321   --undefined--
14.741321   --undefined--
14.756321   --undefined--
14.771321   173.637469
14.786321   173.590555
14.801321   170.151658
END PITCH
