#Each entry contains the duration of a syllable (in seconds), an optional label, and a pitch time series.
0.14016406809732668	1Y
Time_s   F0_Hz
0.191094   --undefined--
0.206094   266.093122
0.221094   248.485782
0.236094   248.240922
0.251094   249.284192
0.266094   249.457510
0.281094   248.810525
0.296094   247.825729
0.311094   256.066559
0.326094   256.932345
END PITCH
0.9145705443350565	1Y
Time_s   F0_Hz
0.335964   252.432428
0.350964   256.590587
0.365964   --undefined--
0.380964   --undefined--
0.395964   --undefined--
0.410964   --undefined--
0.425964   --undefined--
0.440964   280.319950
0.455964   280.115959
0.470964   283.955100
0.485964   285.781477
0.500964   288.420928
0.515964   289.938303
0.530964   286.631045
0.545964   284.641110
0.560964   284.045783
0.575964   282.506132
0.590964   282.818753
0.605964   283.608546
0.620964   282.782474
0.635964   281.521382
0.650964   282.126254
0.665964   283.315055
0.680964   285.153512
0.695964   287.030169
0.710964   288.751917
0.725964   286.514098
0.740964   284.727296
0.755964   283.336429
0.770964   282.237948
0.785964   278.469913
0.800964   275.737074
0.815964   272.984297
0.830964   271.235901
0.845964   265.448763
0.860964   255.253352
0.875964   248.505555
0.890964   243.248873
0.905964   236.139187
0.920964   222.946149
0.935964   213.093307
0.950964   210.229535
0.965964   209.118322
0.980964   206.114033
0.995964   207.644164
1.010964   200.226750
1.025964   200.381432
1.040964   201.613705
1.055964   --undefined--
1.070964   --undefined--
1.085964   --undefined--
1.100964   --undefined--
1.115964   --undefined--
1.130964   --undefined--
1.145964   261.409994
1.160964   278.583393
1.175964   278.959538
1.190964   273.683108
1.205964   248.852288
1.220964   250.556473
1.235964   246.907893
END PITCH
0.18571739022895772	4Y
Time_s   F0_Hz
1.246100   237.295149
1.261100   --undefined--
1.276100   --undefined--
1.291100   --undefined--
1.306100   --undefined--
1.321100   --undefined--
1.336100   --undefined--
1.351100   476.286955
1.366100   496.475019
1.381100   528.904276
1.396100   550.399628
1.411100   565.310537
1.426100   565.751000
END PITCH
0.47655783153091047	1Y
Time_s   F0_Hz
1.434745   --undefined--
1.449745   --undefined--
1.464745   --undefined--
1.479745   --undefined--
1.494745   --undefined--
1.509745   --undefined--
1.524745   --undefined--
1.539745   --undefined--
1.554745   --undefined--
1.569745   --undefined--
1.584745   --undefined--
1.599745   --undefined--
1.614745   --undefined--
1.629745   --undefined--
1.644745   345.961024
1.659745   332.114577
1.674745   310.491140
1.689745   299.019289
1.704745   291.579521
1.719745   283.831149
1.734745   278.271811
1.749745   276.337623
1.764745   272.952942
1.779745   270.201888
1.794745   267.470806
1.809745   262.099025
1.824745   253.721027
1.839745   251.848005
1.854745   252.645888
1.869745   250.573720
1.884745   248.383416
1.899745   247.737183
END PITCH
0.36187567469647774	5Y
Time_s   F0_Hz
1.906463   247.308367
1.921463   243.537085
1.936463   239.139915
1.951463   236.285602
1.966463   235.107867
1.981463   233.779901
1.996463   231.093434
2.011463   228.759924
2.026463   227.244698
2.041463   224.747563
2.056463   223.720123
2.071463   222.321667
2.086463   220.641017
2.101463   219.510282
2.116463   217.779486
2.131463   214.810449
2.146463   213.406992
2.161463   212.176918
2.176463   210.957967
2.191463   209.691924
2.206463   209.906813
2.221463   211.448187
2.236463   213.800760
2.251463   217.187969
2.266463   217.445231
END PITCH
0.20346220657826297	3Y
Time_s   F0_Hz
2.271627   --undefined--
2.286627   --undefined--
2.301627   --undefined--
2.316627   --undefined--
2.331627   --undefined--
2.346627   --undefined--
2.361627   212.905472
2.376627   209.759915
2.391627   208.335437
2.406627   206.970033
2.421627   214.297773
2.436627   --undefined--
2.451627   --undefined--
2.466627   --undefined--
END PITCH
0.19272559363382413	4Y
Time_s   F0_Hz
2.477222   --undefined--
2.492222   --undefined--
2.507222   --undefined--
2.522222   --undefined--
2.537222   --undefined--
2.552222   266.517953
2.567222   247.593083
2.582222   239.936074
2.597222   241.583546
2.612222   239.152454
2.627222   233.976914
2.642222   231.889679
2.657222   235.869874
END PITCH
0.9878772033648744	3Y
Time_s   F0_Hz
2.670017   239.940427
2.685017   239.793547
2.700017   --undefined--
2.715017   --undefined--
2.730017   243.003398
2.745017   228.833534
2.760017   212.426550
2.775017   206.691417
2.790017   205.905296
2.805017   203.604494
2.820017   201.936924
2.835017   198.102018
2.850017   197.407073
2.865017   195.385008
2.880017   194.829279
2.895017   193.702722
2.910017   195.323973
2.925017   194.054483
2.940017   194.315006
2.955017   193.848143
2.970017   193.917011
2.985017   193.365299
3.000017   192.263209
3.015017   192.894600
3.030017   192.330495
3.045017   192.743637
3.060017   192.694280
3.075017   192.421386
3.090017   193.225107
3.105017   193.746960
3.120017   194.844431
3.135017   196.212189
3.150017   197.631794
3.165017   198.491791
3.180017   199.065727
3.195017   199.134603
3.210017   198.899836
3.225017   199.244433
3.240017   199.182491
3.255017   198.691993
3.270017   198.575962
3.285017   199.005859
3.300017   200.658748
3.315017   202.571889
3.330017   204.149451
3.345017   204.942127
3.360017   205.823522
3.375017   207.175637
3.390017   208.362602
3.405017   208.990947
3.420017   210.118145
3.435017   208.904086
3.450017   207.792740
3.465017   207.138220
3.480017   206.102512
3.495017   204.437629
3.510017   204.972728
3.525017   205.719054
3.540017   207.747443
3.555017   210.664732
3.570017   213.365567
3.585017   216.474272
3.600017   219.180110
3.615017   227.776261
3.630017   229.749635
3.645017   222.587436
END PITCH
0.11589957163636999	3Y
Time_s   F0_Hz
4.152908   351.207656
4.167908   353.223387
4.182908   356.430416
4.197908   352.487947
4.212908   349.495072
4.227908   348.475553
4.242908   346.704755
4.257908   346.286867
END PITCH
0.12965176299002756	4N
Time_s   F0_Hz
4.268186   347.883113
4.283186   345.132987
4.298186   343.707454
4.313186   359.630363
4.328186   362.341506
4.343186   362.240387
4.358186   361.568382
4.373186   364.055236
4.388186   374.061697
END PITCH
0.2137502038484227	1Y
Time_s   F0_Hz
4.394887   379.536079
4.409887   381.898742
4.424887   386.479979
4.439887   388.667098
4.454887   393.359490
4.469887   393.908453
4.484887   391.882536
4.499887   389.218096
4.514887   394.842706
4.529887   394.170244
4.544887   397.465339
4.559887   400.728143
4.574887   400.857579
4.589887   392.756295
4.604887   396.717538
END PITCH
0.2347899383180705	1Y
Time_s   F0_Hz
4.611661   399.311283
4.626661   403.687087
4.641661   410.559440
4.656661   415.018781
4.671661   406.741129
4.686661   389.694594
4.701661   403.434162
4.716661   408.990152
4.731661   416.504932
4.746661   424.241827
4.761661   428.145179
4.776661   426.863156
4.791661   421.856258
4.806661   416.915599
4.821661   407.221324
4.836661   398.139603
END PITCH
0.0700669097936153	3Y
Time_s   F0_Hz
4.846587   393.443845
4.861587   375.498454
4.876587   350.149567
4.891587   343.603195
4.906587   342.625813
END PITCH
0.21375020384842358	4Y
Time_s   F0_Hz
4.913492   342.943628
4.928492   343.381295
4.943492   349.891909
4.958492   361.573806
4.973492   352.695688
4.988492   339.162969
5.003492   331.820421
5.018492   327.501874
5.033492   328.711063
5.048492   327.938448
5.063492   327.649490
5.078492   324.917742
5.093492   321.648555
5.108492   319.323188
5.123492   317.797356
END PITCH
0.27682403449222104	4N
Time_s   F0_Hz
5.128787   320.292671
5.143787   --undefined--
5.158787   --undefined--
5.173787   --undefined--
5.188787   343.721749
5.203787   338.138613
5.218787   333.406957
5.233787   330.202820
5.248787   330.114743
5.263787   330.959323
5.278787   333.786385
5.293787   332.202457
5.308787   331.865890
5.323787   333.718906
5.338787   331.166958
5.353787   328.655677
5.368787   326.645116
5.383787   323.861257
5.398787   321.706839
END PITCH
0.4695496281260443	5Y
Time_s   F0_Hz
5.404473   321.176681
5.419473   321.212471
5.434473   322.882498
5.449473   316.153042
5.464473   307.764235
5.479473   301.022017
5.494473   300.873891
5.509473   296.569082
5.524473   293.882772
5.539473   288.757788
5.554473   286.468908
5.569473   284.363289
5.584473   284.408534
5.599473   283.364467
5.614473   282.835016
5.629473   283.564214
5.644473   282.908388
5.659473   282.583426
5.674473   282.291301
5.689473   281.792911
5.704473   281.686298
5.719473   282.342147
5.734473   283.311190
5.749473   285.347635
5.764473   293.755709
5.779473   300.362272
5.794473   298.425751
5.809473   295.819111
5.824473   297.773093
5.839473   298.486071
5.854473   292.786681
5.869473   --undefined--
END PITCH
0.11213125447786165	4Y
Time_s   F0_Hz
5.875312   --undefined--
5.890312   --undefined--
5.905312   392.727983
5.920312   403.164801
5.935312   406.274690
5.950312   406.212682
5.965312   384.214081
5.980312   359.466943
END PITCH
0.2209267470931202	4Y
Time_s   F0_Hz
5.989342   --undefined--
6.004342   --undefined--
6.019342   --undefined--
6.034342   --undefined--
6.049342   --undefined--
6.064342   367.979207
6.079342   353.137918
6.094342   338.652505
6.109342   326.768657
6.124342   327.513014
6.139342   327.027763
6.154342   326.226584
6.169342   325.736379
6.184342   323.094561
6.199342   317.449957
END PITCH
0.21175985316074275	3Y
Time_s   F0_Hz
6.205680   314.389029
6.220680   306.127667
6.235680   299.583150
6.250680   293.591036
6.265680   283.094500
6.280680   278.435080
6.295680   268.465078
6.310680   262.098183
6.325680   261.714772
6.340680   262.994018
6.355680   257.880781
6.370680   254.397647
6.385680   254.853436
6.400680   265.452541
6.415680   264.660377
END PITCH
0.3328896617311514	4Y
Time_s   F0_Hz
6.418005   --undefined--
6.433005   --undefined--
6.448005   --undefined--
6.463005   --undefined--
6.478005   310.459581
6.493005   305.945178
6.508005   303.076323
6.523005   301.470999
6.538005   301.512023
6.553005   303.223302
6.568005   304.598968
6.583005   304.851797
6.598005   304.127572
6.613005   302.961146
6.628005   302.263476
6.643005   302.166322
6.658005   300.398747
6.673005   297.311452
6.688005   299.865904
6.703005   301.237864
6.718005   300.155364
6.733005   297.854718
6.748005   293.713537
END PITCH
0.5290913730687512	5Y
Time_s   F0_Hz
6.751502   292.041142
6.766502   286.001711
6.781502   288.004398
6.796502   288.055807
6.811502   284.510864
6.826502   285.779210
6.841502   282.916238
6.856502   279.592425
6.871502   279.101859
6.886502   278.586799
6.901502   278.618906
6.916502   277.345315
6.931502   275.314264
6.946502   274.165628
6.961502   272.678884
6.976502   272.515337
6.991502   273.145089
7.006502   273.299383
7.021502   272.936774
7.036502   271.124045
7.051502   267.851626
7.066502   267.357346
7.081502   267.971783
7.096502   269.186884
7.111502   270.931164
7.126502   271.399116
7.141502   272.397587
7.156502   273.349248
7.171502   274.665039
7.186502   272.631726
7.201502   273.078216
7.216502   273.272246
7.231502   280.350068
7.246502   283.188934
7.261502   280.775402
7.276502   --undefined--
END PITCH
0.15238644805786272	1Y
Time_s   F0_Hz
7.279739   291.255261
7.294739   320.721136
7.309739   322.517508
7.324739   318.521804
7.339739   317.311014
7.354739   308.611871
7.369739   308.138788
7.384739   306.988210
7.399739   300.046614
7.414739   301.044302
7.429739   --undefined--
END PITCH
0.23653240935731557	2Y
Time_s   F0_Hz
7.436695   --undefined--
7.451695   --undefined--
7.466695   --undefined--
7.481695   --undefined--
7.496695   300.241391
7.511695   302.818523
7.526695   299.079415
7.541695   286.312491
7.556695   286.800393
7.571695   285.518771
7.586695   283.786625
7.601695   285.551021
7.616695   288.527121
7.631695   289.813746
7.646695   290.550011
7.661695   292.181085
END PITCH
0.17599999999999927	3Y
Time_s   F0_Hz
7.672965   291.589151
7.687965   290.651749
7.702965   289.895505
7.717965   288.720572
7.732965   287.073173
7.747965   285.062482
7.762965   282.543490
7.777965   279.160890
7.792965   276.901995
7.807965   275.944133
7.822965   273.392249
7.837965   264.549653
END PITCH
0.29880023623661867	2N
Time_s   F0_Hz
7.850368   261.677507
7.865368   256.171219
7.880368   252.037272
7.895368   254.004212
7.910368   250.406840
7.925368   243.272497
7.940368   235.454068
7.955368   231.685725
7.970368   233.859855
7.985368   230.517863
8.000368   222.389695
8.015368   218.448609
8.030368   217.441603
8.045368   218.690925
8.060368   224.590444
8.075368   222.838181
8.090368   225.345630
8.105368   226.531487
8.120368   227.036105
8.135368   227.568769
END PITCH
0.6657793234623028	5Y
Time_s   F0_Hz
8.145159   230.489485
8.160159   235.585286
8.175159   238.360846
8.190159   239.785897
8.205159   240.936393
8.220159   242.689909
8.235159   245.259100
8.250159   248.244707
8.265159   252.419579
8.280159   256.639202
8.295159   256.409117
8.310159   255.694826
8.325159   256.032347
8.340159   255.738257
8.355159   253.429035
8.370159   252.345037
8.385159   252.413879
8.400159   251.739674
8.415159   250.778266
8.430159   250.049678
8.445159   249.040783
8.460159   247.460104
8.475159   246.533743
8.490159   246.630285
8.505159   247.695428
8.520159   248.634800
8.535159   248.971354
8.550159   248.548945
8.565159   248.949991
8.580159   248.685350
8.595159   247.867455
8.610159   247.415864
8.625159   246.860842
8.640159   246.297314
8.655159   245.726341
8.670159   245.545298
8.685159   245.230474
8.700159   245.005685
8.715159   245.202363
8.730159   245.442269
8.745159   246.291035
8.760159   247.888739
8.775159   250.315415
8.790159   254.192210
8.805159   256.914213
END PITCH
0.1861660059032335	3Y
Time_s   F0_Hz
8.811134   256.478715
8.826134   249.676812
8.841134   254.113557
8.856134   255.976594
8.871134   254.574225
8.886134   266.004230
8.901134   264.060157
8.916134   251.116235
8.931134   246.576079
8.946134   245.693558
8.961134   244.472365
8.976134   245.798849
8.991134   245.061799
END PITCH
0.16469278001435939	4Y
Time_s   F0_Hz
9.001565   --undefined--
9.016565   --undefined--
9.031565   --undefined--
9.046565   --undefined--
9.061565   --undefined--
9.076565   285.475090
9.091565   278.428026
9.106565   276.719558
9.121565   277.198314
9.136565   273.689569
9.151565   277.467632
END PITCH
0.6365616543834864	3Y
Time_s   F0_Hz
9.162188   281.897826
9.177188   --undefined--
9.192188   --undefined--
9.207188   --undefined--
9.222188   293.414692
9.237188   284.648552
9.252188   270.509988
9.267188   257.187676
9.282188   250.973167
9.297188   250.033856
9.312188   249.008953
9.327188   248.410416
9.342188   247.908779
9.357188   248.825161
9.372188   249.148776
9.387188   248.554837
9.402188   246.511445
9.417188   244.772765
9.432188   243.149678
9.447188   242.731604
9.462188   243.231838
9.477188   244.774034
9.492188   245.515799
9.507188   246.670288
9.522188   247.696100
9.537188   248.657386
9.552188   249.422735
9.567188   248.215938
9.582188   246.273768
9.597188   244.935788
9.612188   244.519638
9.627188   243.544795
9.642188   243.223157
9.657188   242.909795
9.672188   243.317400
9.687188   244.416446
9.702188   246.543458
9.717188   249.217740
9.732188   252.195292
9.747188   252.388913
9.762188   246.425366
9.777188   248.943811
9.792188   --undefined--
END PITCH
0.07292911668188928	3Y
Time_s   F0_Hz
10.955057   294.559445
10.970057   288.271419
10.985057   280.328308
11.000057   283.150660
11.015057   283.744493
END PITCH
0.15240431201291038	4Y
Time_s   F0_Hz
11.022721   283.730568
11.037721   284.722671
11.052721   286.603741
11.067721   288.168507
11.082721   290.515744
11.097721   291.310335
11.112721   291.398268
11.127721   291.762931
11.142721   290.886311
11.157721   289.112616
11.172721   295.643290
END PITCH
0.10161894937056104	2Y
Time_s   F0_Hz
11.179739   297.118813
11.194739   291.828867
11.209739   283.161933
11.224739   271.576145
11.239739   269.170842
11.254739   263.185763
11.269739   259.386024
END PITCH
0.07030634188580187	5Y
Time_s   F0_Hz
11.280703   256.036243
11.295703   253.825827
11.310703   254.322534
11.325703   258.047098
11.340703   256.099218
END PITCH
0.25229532257518805	4Y
Time_s   F0_Hz
11.351995   255.392456
11.366995   254.363294
11.381995   255.031066
11.396995   255.212887
11.411995   254.368036
11.426995   252.710072
11.441995   253.043220
11.456995   252.803846
11.471995   252.422305
11.486995   252.814528
11.501995   252.903185
11.516995   251.906607
11.531995   250.147087
11.546995   251.224779
11.561995   254.431324
11.576995   --undefined--
11.591995   --undefined--
END PITCH
0.2908404413019525	1Y
Time_s   F0_Hz
11.601060   256.195505
11.616060   262.417813
11.631060   --undefined--
11.646060   --undefined--
11.661060   --undefined--
11.676060   --undefined--
11.691060   --undefined--
11.706060   276.573256
11.721060   266.030382
11.736060   252.096792
11.751060   244.832872
11.766060   242.237078
11.781060   239.337367
11.796060   237.757035
11.811060   237.364728
11.826060   236.705443
11.841060   235.741067
11.856060   234.699701
11.871060   234.339680
11.886060   234.209989
END PITCH
0.7183408489987997	5Y
Time_s   F0_Hz
11.895652   233.755045
11.910652   233.458078
11.925652   233.486877
11.940652   233.120620
11.955652   233.190094
11.970652   234.024302
11.985652   234.378211
12.000652   233.896155
12.015652   232.063726
12.030652   229.998872
12.045652   226.633063
12.060652   222.147508
12.075652   217.653189
12.090652   215.828868
12.105652   215.010389
12.120652   213.861868
12.135652   212.680951
12.150652   213.115208
12.165652   213.000582
12.180652   211.165586
12.195652   208.961293
12.210652   207.344171
12.225652   205.671223
12.240652   203.392298
12.255652   200.728613
12.270652   199.238112
12.285652   199.797683
12.300652   198.988959
12.315652   197.155387
12.330652   196.311972
12.345652   195.516016
12.360652   193.859979
12.375652   191.068597
12.390652   186.795282
12.405652   185.198673
12.420652   183.647749
12.435652   180.359787
12.450652   178.184086
12.465652   179.210098
12.480652   177.576522
12.495652   176.484279
12.510652   179.132046
12.525652   --undefined--
12.540652   --undefined--
12.555652   228.280753
12.570652   225.140572
12.585652   219.644799
12.600652   --undefined--
END PITCH
0.11629689063882687	3Y
Time_s   F0_Hz
13.817103   268.086636
13.832103   254.559967
13.847103   230.088062
13.862103   229.554781
13.877103   233.981672
13.892103   232.897566
13.907103   234.376715
13.922103   236.605214
END PITCH
0.19272559363382413	3N
Time_s   F0_Hz
13.934116   235.882534
13.949116   239.829171
13.964116   --undefined--
13.979116   --undefined--
13.994116   --undefined--
14.009116   220.926734
14.024116   208.489318
14.039116   199.391995
14.054116   190.372161
14.069116   189.126346
14.084116   188.853516
14.099116   191.088937
14.114116   193.924567
END PITCH
0.1822132885265244	1Y
Time_s   F0_Hz
14.121587   193.449209
14.136587   193.231448
14.151587   191.973295
14.166587   192.283101
14.181587   193.313755
14.196587   193.310361
14.211587   196.854495
14.226587   201.639187
14.241587   204.688345
14.256587   206.511765
14.271587   206.790518
14.286587   207.590130
14.301587   209.460925
END PITCH
0.23477481406302303	1Y
Time_s   F0_Hz
14.307591   209.131293
14.322591   207.804551
14.337591   206.279067
14.352591   205.100120
14.367591   204.224053
14.382591   201.643922
14.397591   202.139430
14.412591   203.551982
14.427591   204.453611
14.442591   206.423038
14.457591   208.530478
14.472591   211.617858
14.487591   213.829659
14.502591   214.964540
14.517591   215.496059
14.532591   215.380178
END PITCH
0.4275004076968454	5Y
Time_s   F0_Hz
14.541224   214.591652
14.556224   213.072171
14.571224   212.333645
14.586224   212.255048
14.601224   213.164233
14.616224   213.525977
14.631224   211.807796
14.646224   209.950724
14.661224   208.573029
14.676224   206.616192
14.691224   205.435334
14.706224   204.432484
14.721224   203.744835
14.736224   203.692229
14.751224   203.622387
14.766224   203.421320
14.781224   201.390859
14.796224   198.714319
14.811224   196.636436
14.826224   196.562417
14.841224   194.627526
14.856224   192.339138
14.871224   193.029487
14.886224   193.385334
14.901224   192.729838
14.916224   193.945497
14.931224   196.214084
14.946224   199.551932
14.961224   202.899784
END PITCH
0.15513367425292657	1Y
Time_s   F0_Hz
14.967540   205.811836
14.982540   217.247438
14.997540   221.950034
15.012540   228.989362
15.027540   235.745943
15.042540   240.455826
15.057540   247.382907
15.072540   262.092964
15.087540   278.034074
15.102540   298.134906
15.117540   308.110749
END PITCH
0.18922149193139148	1Y
Time_s   F0_Hz
15.124717   309.774732
15.139717   318.174568
15.154717   335.629892
15.169717   342.306856
15.184717   346.688009
15.199717   348.988031
15.214717   348.891452
15.229717   351.739086
15.244717   355.719440
15.259717   358.024632
15.274717   364.684932
15.289717   377.123684
15.304717   --undefined--
END PITCH
0.30135274640925225	4Y
Time_s   F0_Hz
15.310000   382.052116
15.325000   373.150035
15.340000   358.272926
15.355000   352.626280
15.370000   353.144144
15.385000   --undefined--
15.400000   --undefined--
15.415000   --undefined--
15.430000   447.835753
15.445000   447.610271
15.460000   444.175873
15.475000   443.139331
15.490000   443.996727
15.505000   448.432234
15.520000   456.880728
15.535000   462.161290
15.550000   461.482419
15.565000   460.562884
15.580000   457.381907
15.595000   446.043952
15.610000   445.521012
END PITCH
0.20323789874112386	5Y
Time_s   F0_Hz
15.614802   445.956018
15.629802   445.504279
15.644802   442.627445
15.659802   438.473660
15.674802   437.339623
15.689802   436.991830
15.704802   431.883823
15.719802   428.252340
15.734802   424.281388
15.749802   422.011582
15.764802   418.987919
15.779802   416.261724
15.794802   413.514427
15.809802   410.753849
END PITCH
0.6215431941062644	5Y
Time_s   F0_Hz
15.817194   409.604472
15.832194   408.462052
15.847194   407.589044
15.862194   406.682014
15.877194   405.714399
15.892194   404.814802
15.907194   402.093736
15.922194   399.017978
15.937194   397.123947
15.952194   395.982524
15.967194   394.976896
15.982194   394.184978
15.997194   392.750043
16.012194   391.142579
16.027194   389.868795
16.042194   388.649620
16.057194   387.610062
16.072194   386.861702
16.087194   385.844074
16.102194   384.391255
16.117194   383.553934
16.132194   383.987833
16.147194   383.487742
16.162194   383.452154
16.177194   384.264929
16.192194   385.925044
16.207194   387.440493
16.222194   386.522941
16.237194   384.679171
16.252194   383.421136
16.267194   382.188856
16.282194   381.476987
16.297194   381.704802
16.312194   383.107597
16.327194   382.621057
16.342194   383.002737
16.357194   383.054644
16.372194   382.704153
16.387194   383.292042
16.402194   381.746729
16.417194   381.119150
16.432194   --undefined--
END PITCH
0.0959357626355768	3Y
Time_s   F0_Hz
16.854422   --undefined--
16.869422   305.330453
16.884422   290.775664
16.899422   277.483874
16.914422   269.172847
16.929422   275.763628
16.944422   279.287767
END PITCH
0.21024610214599093	1Y
Time_s   F0_Hz
16.947517   277.343112
16.962517   281.374961
16.977517   --undefined--
16.992517   --undefined--
17.007517   --undefined--
17.022517   --undefined--
17.037517   --undefined--
17.052517   --undefined--
17.067517   365.493348
17.082517   371.342796
17.097517   384.649640
17.112517   399.020235
17.127517   407.210358
17.142517   410.516056
17.157517   410.485489
END PITCH
0.1401640680973273	2Y
Time_s   F0_Hz
17.160221   411.193514
17.175221   412.673923
17.190221   413.681053
17.205221   --undefined--
17.220221   --undefined--
17.235221   396.851492
17.250221   391.649422
17.265221   380.793653
17.280221   372.526806
17.295221   367.535511
END PITCH
0.20965406712110735	5Y
Time_s   F0_Hz
17.305130   365.702712
17.320130   361.071041
17.335130   359.272252
17.350130   357.893359
17.365130   357.964627
17.380130   358.359556
17.395130   356.545338
17.410130   356.126389
17.425130   355.706653
17.440130   356.735282
17.455130   357.198815
17.470130   359.146482
17.485130   362.108035
17.500130   364.872506
END PITCH
0.6848450663452077	5Y
Time_s   F0_Hz
17.512387   364.132296
17.527387   364.360442
17.542387   366.335314
17.557387   365.869717
17.572387   366.314472
17.587387   368.820106
17.602387   369.600918
17.617387   368.671461
17.632387   369.120009
17.647387   370.545383
17.662387   372.623241
17.677387   373.901101
17.692387   372.782128
17.707387   373.601678
17.722387   373.924620
17.737387   373.772163
17.752387   373.569504
17.767387   372.432883
17.782387   372.699932
17.797387   373.540726
17.812387   373.990448
17.827387   374.255231
17.842387   374.297795
17.857387   374.141776
17.872387   374.242982
17.887387   373.314858
17.902387   371.332210
17.917387   369.919972
17.932387   368.889323
17.947387   368.015328
17.962387   368.358282
17.977387   369.347142
17.992387   370.622470
18.007387   370.428139
18.022387   375.360357
18.037387   376.578217
18.052387   372.581438
18.067387   367.248532
18.082387   359.368580
18.097387   355.866401
18.112387   360.605236
18.127387   --undefined--
18.142387   --undefined--
18.157387   --undefined--
18.172387   --undefined--
18.187387   --undefined--
END PITCH
0.17870918682408998	4Y
Time_s   F0_Hz
18.199167   --undefined--
18.214167   --undefined--
18.229167   --undefined--
18.244167   --undefined--
18.259167   --undefined--
18.274167   --undefined--
18.289167   --undefined--
18.304167   369.436243
18.319167   372.518793
18.334167   370.757295
18.349167   368.292019
18.364167   365.797969
END PITCH
0.10512305107299369	4Y
Time_s   F0_Hz
18.371083   365.127359
18.386083   365.145212
18.401083   366.721944
18.416083   365.054225
18.431083   361.276158
18.446083   357.909457
18.461083   352.046265
18.476083   347.541425
END PITCH
0.23477481406302303	4Y
Time_s   F0_Hz
18.481026   346.087606
18.496026   343.897358
18.511026   350.066710
18.526026   357.332496
18.541026   --undefined--
18.556026   --undefined--
18.571026   --undefined--
18.586026   356.574592
18.601026   357.568088
18.616026   359.049274
18.631026   361.835394
18.646026   364.617895
18.661026   365.055872
18.676026   365.169965
18.691026   362.774508
18.706026   359.709043
END PITCH
0.3994675940773824	5Y
Time_s   F0_Hz
18.715646   358.459710
18.730646   357.467520
18.745646   354.539715
18.760646   352.080482
18.775646   351.971604
18.790646   352.397429
18.805646   352.757420
18.820646   352.614279
18.835646   351.525273
18.850646   350.093566
18.865646   348.705990
18.880646   347.226064
18.895646   344.579497
18.910646   341.804890
18.925646   340.005426
18.940646   339.294517
18.955646   337.264120
18.970646   333.902404
18.985646   330.847921
19.000646   330.559363
19.015646   329.512451
19.030646   330.007381
19.045646   332.529099
19.060646   336.766447
19.075646   341.977252
19.090646   338.881119
19.105646   335.459851
END PITCH
0.17170098341922468	1Y
Time_s   F0_Hz
20.192194   255.411543
20.207194   258.191383
20.222194   262.308763
20.237194   266.588357
20.252194   271.958644
20.267194   279.993531
20.282194   283.533115
20.297194   291.550252
20.312194   294.462690
20.327194   296.690387
20.342194   296.083326
20.357194   296.304976
END PITCH
0.15768457660949053	1Y
Time_s   F0_Hz
20.364376   297.584174
20.379376   299.307259
20.394376   299.268623
20.409376   298.735154
20.424376   298.977426
20.439376   300.082880
20.454376   300.941454
20.469376   300.006143
20.484376   300.750161
20.499376   302.966204
20.514376   301.742388
END PITCH
0.10512305107299724	4N
Time_s   F0_Hz
20.518271   301.235159
20.533271   300.462804
20.548271   307.083494
20.563271   339.289997
20.578271   317.979690
20.593271   311.558503
20.608271   316.837915
20.623271   319.520423
END PITCH
0.1401640680973273	5Y
Time_s   F0_Hz
20.625924   318.489855
20.640924   308.856283
20.655924   301.626113
20.670924   296.108798
20.685924   290.632989
20.700924   280.496830
20.715924   280.452974
20.730924   280.846459
20.745924   278.392595
20.760924   278.231128
END PITCH
0.346906068540882	2N
Time_s   F0_Hz
20.764461   278.853366
20.779461   282.240518
20.794461   288.557655
20.809461   --undefined--
20.824461   --undefined--
20.839461   --undefined--
20.854461   --undefined--
20.869461   --undefined--
20.884461   --undefined--
20.899461   --undefined--
20.914461   290.637448
20.929461   282.786557
20.944461   264.107341
20.959461   253.566224
20.974461   246.840884
20.989461   246.577909
21.004461   247.338819
21.019461   249.385021
21.034461   254.837340
21.049461   258.454414
21.064461   260.733523
21.079461   264.605918
21.094461   269.037485
21.109461   271.513705
END PITCH
0.7558488163837467	3Y
Time_s   F0_Hz
21.113333   271.922514
21.128333   273.032125
21.143333   275.999012
21.158333   279.901787
21.173333   283.948808
21.188333   287.338490
21.203333   288.220088
21.218333   288.915393
21.233333   288.330558
21.248333   284.209850
21.263333   281.206373
21.278333   281.796275
21.293333   279.539376
21.308333   276.753170
21.323333   274.668769
21.338333   272.435007
21.353333   270.734527
21.368333   268.215880
21.383333   266.779838
21.398333   264.585973
21.413333   262.195158
21.428333   260.491278
21.443333   258.010765
21.458333   255.703760
21.473333   254.296617
21.488333   255.499904
21.503333   256.355468
21.518333   255.448519
21.533333   255.780839
21.548333   255.730422
21.563333   254.664791
21.578333   253.577130
21.593333   253.370178
21.608333   253.095904
21.623333   252.293009
21.638333   251.744364
21.653333   251.048346
21.668333   250.647256
21.683333   251.310777
21.698333   252.247406
21.713333   252.552171
21.728333   251.791571
21.743333   252.244624
21.758333   253.278569
21.773333   252.936560
21.788333   251.743797
21.803333   251.132457
21.818333   251.330268
21.833333   254.474603
21.848333   265.194515
21.863333   274.340403
END PITCH
0.1886889242611609	2Y
Time_s   F0_Hz
22.212937   287.109529
22.227937   277.521822
22.242937   263.049487
22.257937   260.031103
22.272937   262.651615
22.287937   265.634999
22.302937   267.888529
22.317937   267.151395
22.332937   265.170745
22.347937   265.679370
22.362937   265.788091
22.377937   265.740340
22.392937   265.338108
END PITCH
0.26217648688976425	3Y
Time_s   F0_Hz
22.400867   264.999856
22.415867   264.293553
22.430867   264.334642
22.445867   265.284702
22.460867   264.044105
22.475867   262.238346
22.490867   259.306522
22.505867   255.641645
22.520867   253.618199
22.535867   254.594332
22.550867   254.164470
22.565867   252.408224
22.580867   250.131161
22.595867   248.533671
22.610867   246.916632
22.625867   244.567937
22.640867   242.366651
22.655867   240.227627
END PITCH
0.5087258876455323	2N
Time_s   F0_Hz
22.666321   241.091131
22.681321   244.404150
22.696321   248.271065
22.711321   250.036555
22.726321   248.257067
22.741321   244.640682
22.756321   240.973728
22.771321   237.464164
22.786321   235.864916
22.801321   236.102191
22.816321   234.812746
22.831321   233.891366
22.846321   234.316044
22.861321   235.743126
22.876321   236.401138
22.891321   237.351206
22.906321   238.895546
22.921321   240.801465
22.936321   243.259655
22.951321   245.609018
22.966321   247.772526
22.981321   250.218234
22.996321   251.784542
23.011321   252.608090
23.026321   253.429629
23.041321   254.778730
23.056321   256.710643
23.071321   257.938666
23.086321   261.575171
23.101321   268.196535
23.116321   270.947717
23.131321   271.048620
23.146321   271.304074
23.161321   269.674391
END PITCH
0.3235828478054934	3N
Time_s   F0_Hz
23.172477   267.964715
23.187477   277.436183
23.202477   --undefined--
23.217477   --undefined--
23.232477   --undefined--
23.247477   --undefined--
23.262477   --undefined--
23.277477   --undefined--
23.292477   274.602867
23.307477   262.078279
23.322477   247.981620
23.337477   245.399862
23.352477   245.422501
23.367477   245.461688
23.382477   245.979310
23.397477   248.198139
23.412477   252.561669
23.427477   257.990077
23.442477   261.954715
23.457477   267.325959
23.472477   272.147991
23.487477   273.815703
END PITCH
0.581680882603905	3Y
Time_s   F0_Hz
23.497608   275.238550
23.512608   276.963878
23.527608   276.698389
23.542608   278.064036
23.557608   277.922588
23.572608   277.392234
23.587608   277.400293
23.602608   276.671566
23.617608   275.237105
23.632608   273.619887
23.647608   271.322400
23.662608   269.465657
23.677608   268.685772
23.692608   267.381364
23.707608   265.640069
23.722608   263.014306
23.737608   259.524219
23.752608   253.835839
23.767608   251.485257
23.782608   252.554649
23.797608   251.068073
23.812608   249.179936
23.827608   248.203506
23.842608   246.908656
23.857608   244.805133
23.872608   245.371897
23.887608   246.443949
23.902608   245.054898
23.917608   243.347455
23.932608   244.218858
23.947608   246.464948
23.962608   246.170187
23.977608   246.009962
23.992608   244.824463
24.007608   243.077151
24.022608   241.223999
24.037608   239.552223
24.052608   240.346300
24.067608   240.018442
END PITCH
0.16819688171679203	3Y
Time_s   F0_Hz
24.075051   239.543215
24.090051   239.333246
24.105051   238.991672
24.120051   239.689622
24.135051   241.360829
24.150051   243.433584
24.165051   243.070355
24.180051   235.366506
24.195051   235.966490
24.210051   237.309751
24.225051   235.278987
24.240051   238.445314
END PITCH
0.1506763732046288	2Y
Time_s   F0_Hz
24.241995   239.406681
24.256995   242.319634
24.271995   237.070141
24.286995   233.507084
24.301995   233.135467
24.316995   235.003796
24.331995   237.579420
24.346995   239.496410
24.361995   239.044727
24.376995   239.974623
24.391995   241.778134
END PITCH
0.31761179574246157	1Y
Time_s   F0_Hz
24.393634   241.286347
24.408634   238.896852
24.423634   240.015689
24.438634   --undefined--
24.453634   --undefined--
24.468634   --undefined--
24.483634   --undefined--
24.498634   --undefined--
24.513634   --undefined--
24.528634   --undefined--
24.543634   --undefined--
24.558634   --undefined--
24.573634   275.090262
24.588634   261.292629
24.603634   247.187790
24.618634   242.277478
24.633634   241.641256
24.648634   239.975235
24.663634   239.532219
24.678634   239.479719
24.693634   239.796638
24.708634   239.094358
END PITCH
0.24301649264820213	5Y
Time_s   F0_Hz
24.711440   238.944452
24.726440   238.193646
24.741440   237.219741
24.756440   237.402942
24.771440   237.906579
24.786440   237.585774
24.801440   235.792332
24.816440   234.278027
24.831440   232.002624
24.846440   229.009676
24.861440   225.823553
24.876440   223.469327
24.891440   224.258549
24.906440   222.073084
24.921440   218.542566
24.936440   221.275177
24.951440   228.000252
END PITCH
0.042049220429195344	3Y
Time_s   F0_Hz
24.958980   231.762758
24.973980   235.880234
24.988980   235.532298
END PITCH
0.11215923847650444	4Y
Time_s   F0_Hz
24.998588   234.516057
25.013588   237.010042
25.028588   239.839621
25.043588   244.729596
25.058588   280.159855
25.073588   270.805911
25.088588   260.714588
25.103588   248.486847
END PITCH
0.059569728941365696	4Y
Time_s   F0_Hz
25.114450   252.424359
25.129450   261.292377
25.144450   263.220706
25.159450   269.311816
END PITCH
0.09811484766812839	4Y
Time_s   F0_Hz
25.170794   271.684259
25.185794   270.522584
25.200794   269.789931
25.215794   264.345474
25.230794   264.032491
25.245794   262.960558
25.260794   258.528521
END PITCH
0.4666158031177936	4N
Time_s   F0_Hz
25.265663   257.824761
25.280663   264.949698
25.295663   257.389590
25.310663   --undefined--
25.325663   --undefined--
25.340663   --undefined--
25.355663   --undefined--
25.370663   --undefined--
25.385663   --undefined--
25.400663   --undefined--
25.415663   --undefined--
25.430663   --undefined--
25.445663   316.053757
25.460663   304.735699
25.475663   297.179411
25.490663   291.757147
25.505663   284.317759
25.520663   280.781900
25.535663   281.205033
25.550663   278.242207
25.565663   274.493262
25.580663   271.535749
25.595663   267.155447
25.610663   258.257123
25.625663   249.193333
25.640663   246.653848
25.655663   244.564864
25.670663   238.166297
25.685663   233.234531
25.700663   231.979238
25.715663   230.763801
25.730663   226.476682
END PITCH
0.3024925445683131	5Y
Time_s   F0_Hz
25.732698   225.770270
25.747698   222.190683
25.762698   219.278011
25.777698   217.402958
25.792698   213.423621
25.807698   211.286015
25.822698   208.902319
25.837698   208.550457
25.852698   205.832737
25.867698   201.861194
25.882698   199.516487
25.897698   199.681014
25.912698   201.046388
25.927698   200.701739
25.942698   198.419551
25.957698   198.252581
25.972698   197.355169
25.987698   --undefined--
26.002698   --undefined--
26.017698   --undefined--
26.032698   --undefined--
END PITCH
0.23000925318162757	2Y
Time_s   F0_Hz
26.036457   --undefined--
26.051457   --undefined--
26.066457   --undefined--
26.081457   --undefined--
26.096457   217.086360
26.111457   219.072617
26.126457   219.156693
26.141457   218.156565
26.156457   219.410727
26.171457   230.897649
26.186457   241.296062
26.201457   245.045759
26.216457   250.942897
26.231457   253.867903
26.246457   254.566672
26.261457   268.345147
END PITCH
0.26751722056657457	4N
Time_s   F0_Hz
26.270221   --undefined--
26.285221   --undefined--
26.300221   --undefined--
26.315221   --undefined--
26.330221   --undefined--
26.345221   --undefined--
26.360221   --undefined--
26.375221   --undefined--
26.390221   --undefined--
26.405221   456.057057
26.420221   457.350441
26.435221   460.097713
26.450221   460.672202
26.465221   461.268670
26.480221   458.332181
26.495221   451.258357
26.510221   443.861520
26.525221   433.121701
END PITCH
0.11213125447786254	5Y
Time_s   F0_Hz
26.535040   422.394321
26.550040   406.303702
26.565040   387.534076
26.580040   370.697546
26.595040   355.237489
26.610040   347.377494
26.625040   338.204060
26.640040   336.912274
END PITCH
0.1401640680973273	1Y
Time_s   F0_Hz
26.646196   339.978748
26.661196   345.489553
26.676196   346.044660
26.691196   345.492218
26.706196   347.238424
26.721196   348.105872
26.736196   347.476378
26.751196   350.823149
26.766196   352.901228
26.781196   355.393636
END PITCH
0.14366816979975994	1Y
Time_s   F0_Hz
26.788112   358.417947
26.803112   365.586223
26.818112   362.896643
26.833112   351.940317
26.848112   358.381299
26.863112   362.388295
26.878112   373.856982
26.893112   380.403444
26.908112   379.595678
26.923112   353.612300
END PITCH
0.2908404413019525	4Y
Time_s   F0_Hz
26.930357   343.325531
26.945357   --undefined--
26.960357   --undefined--
26.975357   --undefined--
26.990357   --undefined--
27.005357   --undefined--
27.020357   --undefined--
27.035357   461.343581
27.050357   470.043714
27.065357   488.709145
27.080357   504.867791
27.095357   518.627189
27.110357   548.519828
27.125357   559.661799
27.140357   547.060204
27.155357   513.292363
27.170357   472.706592
27.185357   456.068936
27.200357   462.235604
27.215357   481.748375
END PITCH
0.39245939067251356	4Y
Time_s   F0_Hz
27.219512   --undefined--
27.234512   --undefined--
27.249512   --undefined--
27.264512   --undefined--
27.279512   --undefined--
27.294512   --undefined--
27.309512   265.973785
27.324512   253.662366
27.339512   247.224683
27.354512   243.571323
27.369512   238.269264
27.384512   233.989215
27.399512   232.928328
27.414512   231.340388
27.429512   226.939699
27.444512   220.316272
27.459512   215.166962
27.474512   214.625689
27.489512   210.736047
27.504512   207.864342
27.519512   206.948708
27.534512   205.776942
27.549512   203.412411
27.564512   201.447624
27.579512   200.741084
27.594512   208.667028
27.609512   216.971391
END PITCH
