#Each entry contains the duration of a syllable (in seconds), an optional label, and a pitch time series.
0.1679193343659468	2Y
Time_s   F0_Hz
0.305607   --undefined--
0.320607   --undefined--
0.335607   215.717361
0.350607   206.434825
0.365607   199.217296
0.380607   190.697006
0.395607   183.452505
0.410607   180.784304
0.425607   181.639339
0.440607   185.191405
0.455607   186.435949
0.470607   186.881489
END PITCH
0.2000806656340532	3Y
Time_s   F0_Hz
0.474609   186.631814
0.489609   184.664431
0.504609   185.943734
0.519609   194.260941
0.534609   197.751075
0.549609   198.219539
0.564609   197.227814
0.579609   195.264044
0.594609   193.179406
0.609609   191.726700
0.624609   190.234003
0.639609   187.831578
0.654609   182.827421
0.669609   178.831016
END PITCH
0.16000000000000003	3Y
Time_s   F0_Hz
0.677154   176.741345
0.692154   173.405145
0.707154   170.588941
0.722154   167.298982
0.737154   165.766551
0.752154   163.603020
0.767154   166.013382
0.782154   173.715653
0.797154   --undefined--
0.812154   --undefined--
0.827154   --undefined--
END PITCH
0.2373443539205089	4Y
Time_s   F0_Hz
0.838328   --undefined--
0.853328   --undefined--
0.868328   --undefined--
0.883328   --undefined--
0.898328   --undefined--
0.913328   --undefined--
0.928328   --undefined--
0.943328   --undefined--
0.958328   --undefined--
0.973328   234.253027
0.988328   232.387686
1.003328   227.583519
1.018328   220.621458
1.033328   222.032301
1.048328   221.257019
1.063328   224.311943
END PITCH
0.24265564607949108	5Y
Time_s   F0_Hz
1.070828   228.748996
1.085828   230.619030
1.100828   225.238430
1.115828   222.201366
1.130828   218.372416
1.145828   213.224615
1.160828   210.828094
1.175828   207.876326
1.190828   205.458198
1.205828   203.325275
1.220828   199.667697
1.235828   194.990709
1.250828   192.455395
1.265828   192.721248
1.280828   190.200572
1.295828   184.673936
1.310828   180.155665
END PITCH
0.13119313916324082	3Y
Time_s   F0_Hz
1.317744   177.440889
1.332744   172.680966
1.347744   171.990802
1.362744   172.093273
1.377744   172.605205
1.392744   175.288294
1.407744   --undefined--
1.422744   --undefined--
1.437744   --undefined--
END PITCH
0.1319466300856702	4N
Time_s   F0_Hz
1.449308   --undefined--
1.464308   --undefined--
1.479308   --undefined--
1.494308   --undefined--
1.509308   192.333556
1.524308   195.771664
1.539308   196.576404
1.554308   194.221346
1.569308   192.775663
END PITCH
0.10427652998683312	3Y
Time_s   F0_Hz
1.582426   193.475430
1.597426   193.274284
1.612426   194.375787
1.627426   196.933751
1.642426   198.759689
1.657426   200.319041
1.672426   201.287450
END PITCH
0.10463896764881131	3Y
Time_s   F0_Hz
1.686882   200.321689
1.701882   197.316250
1.716882   195.027119
1.731882   192.833581
1.746882   191.311379
1.761882   190.673035
1.776882   188.635864
END PITCH
0.1987070311449033	2Y
Time_s   F0_Hz
1.786049   185.998390
1.801049   183.978382
1.816049   190.771308
1.831049   194.770630
1.846049   200.250952
1.861049   207.023632
1.876049   213.293304
1.891049   215.748298
1.906049   215.297217
1.921049   219.481870
1.936049   220.519037
1.951049   219.518266
1.966049   211.739730
1.981049   202.273253
END PITCH
0.2638932601713402	1N
Time_s   F0_Hz
1.987353   200.040900
2.002353   198.382760
2.017353   200.238417
2.032353   198.285644
2.047353   201.249027
2.062353   207.743681
2.077353   --undefined--
2.092353   268.344906
2.107353   263.994624
2.122353   258.873616
2.137353   255.176950
2.152353   253.381439
2.167353   248.056962
2.182353   249.973766
2.197353   247.745024
2.212353   245.122854
2.227353   246.481904
2.242353   247.110762
END PITCH
0.1670779325223628	4Y
Time_s   F0_Hz
2.247840   --undefined--
2.262840   --undefined--
2.277840   --undefined--
2.292840   --undefined--
2.307840   376.598790
2.322840   363.422793
2.337840   354.865025
2.352840   354.620603
2.367840   355.176782
2.382840   354.513796
2.397840   347.271402
2.412840   337.682586
END PITCH
0.1191184854940075	2Y
Time_s   F0_Hz
2.420935   334.133874
2.435935   324.095526
2.450935   314.686022
2.465935   305.051061
2.480935   280.799905
2.495935   265.412133
2.510935   251.383661
2.525935   242.187293
END PITCH
0.267148023782831	4Y
Time_s   F0_Hz
2.539076   --undefined--
2.554076   --undefined--
2.569076   --undefined--
2.584076   --undefined--
2.599076   --undefined--
2.614076   --undefined--
2.629076   --undefined--
2.644076   211.469758
2.659076   197.678745
2.674076   189.493459
2.689076   180.901325
2.704076   172.926815
2.719076   167.901951
2.734076   163.200295
2.749076   158.705060
2.764076   155.046854
2.779076   153.295379
2.794076   154.267122
END PITCH
0.10303557729085489	2N
Time_s   F0_Hz
2.806667   155.683717
2.821667   156.362899
2.836667   160.452694
2.851667   169.377966
2.866667   183.119987
2.881667   189.804449
2.896667   185.856903
END PITCH
0.20222530813662143	4Y
Time_s   F0_Hz
2.906797   179.239311
2.921797   172.681281
2.936797   179.155538
2.951797   --undefined--
2.966797   --undefined--
2.981797   --undefined--
2.996797   --undefined--
3.011797   234.307650
3.026797   235.996546
3.041797   234.422365
3.056797   228.759072
3.071797   219.101174
3.086797   209.877465
3.101797   202.894024
END PITCH
0.06230813087378895	3Y
Time_s   F0_Hz
3.106565   202.366250
3.121565   199.442557
3.136565   196.579435
3.151565   193.985538
3.166565   191.076970
END PITCH
0.16043098369873476	5N
Time_s   F0_Hz
3.172925   192.272214
3.187925   194.886534
3.202925   194.921485
3.217925   197.204128
3.232925   202.692934
3.247925   211.797065
3.262925   212.819382
3.277925   204.685706
3.292925   201.960447
3.307925   199.494675
3.322925   206.819709
END PITCH
0.11199999999999966	4Y
Time_s   F0_Hz
3.331650   --undefined--
3.346650   251.314960
3.361650   250.381968
3.376650   242.970329
3.391650   238.185797
3.406650   235.484293
3.421650   230.038773
3.436650   220.935239
END PITCH
0.11974372238922948	2Y
Time_s   F0_Hz
3.447511   224.903760
3.462511   225.906050
3.477511   223.160068
3.492511   213.017310
3.507511   208.108204
3.522511   204.838958
3.537511   203.912813
3.552511   201.171920
END PITCH
0.16454511620486212	2Y
Time_s   F0_Hz
3.567166   199.573574
3.582166   197.697193
3.597166   193.417259
3.612166   193.243048
3.627166   191.897201
3.642166   188.532286
3.657166   185.562499
3.672166   184.738504
3.687166   186.810756
3.702166   189.876037
3.717166   191.505304
END PITCH
0.15250726393703973	2Y
Time_s   F0_Hz
3.725692   192.875883
3.740692   199.362865
3.755692   215.447998
3.770692   225.548638
3.785692   222.298490
3.800692   223.031697
3.815692   221.221023
3.830692   224.046562
3.845692   225.244913
3.860692   225.372103
3.875692   223.822795
END PITCH
0.35145555930684	1N
Time_s   F0_Hz
3.880164   222.757256
3.895164   --undefined--
3.910164   --undefined--
3.925164   --undefined--
3.940164   --undefined--
3.955164   --undefined--
3.970164   --undefined--
3.985164   --undefined--
4.000164   --undefined--
4.015164   --undefined--
4.030164   274.081493
4.045164   272.614451
4.060164   270.285018
4.075164   268.927553
4.090164   269.769228
4.105164   270.172995
4.120164   269.673222
4.135164   261.481647
4.150164   261.848493
4.165164   264.425944
4.180164   255.314892
4.195164   245.008540
4.210164   242.662334
4.225164   264.050887
END PITCH
0.11679370439700865	4Y
Time_s   F0_Hz
4.234291   272.628161
4.249291   259.206637
4.264291   247.697658
4.279291   240.255873
4.294291   234.410375
4.309291   229.092127
4.324291   224.830408
4.339291   218.283032
END PITCH
0.08063405171902005	4Y
Time_s   F0_Hz
4.348010   216.570012
4.363010   213.282825
4.378010   212.387226
4.393010   203.417936
4.408010   200.174301
4.423010   200.962825
END PITCH
0.4343243240319987	4Y
Time_s   F0_Hz
4.432993   198.761596
4.447993   --undefined--
4.462993   --undefined--
4.477993   219.672145
4.492993   216.004574
4.507993   210.434125
4.522993   208.451742
4.537993   206.174806
4.552993   203.850897
4.567993   202.695929
4.582993   198.995556
4.597993   195.624792
4.612993   193.097477
4.627993   188.987262
4.642993   184.721153
4.657993   177.884960
4.672993   171.782678
4.687993   168.795270
4.702993   165.203568
4.717993   162.614396
4.732993   160.886960
4.747993   160.369230
4.762993   160.618197
4.777993   155.294426
4.792993   147.396269
4.807993   --undefined--
4.822993   --undefined--
4.837993   --undefined--
4.852993   --undefined--
END PITCH
0.2415113631537018	2Y
Time_s   F0_Hz
6.176905   --undefined--
6.191905   --undefined--
6.206905   --undefined--
6.221905   --undefined--
6.236905   --undefined--
6.251905   --undefined--
6.266905   --undefined--
6.281905   --undefined--
6.296905   --undefined--
6.311905   --undefined--
6.326905   202.123910
6.341905   198.013054
6.356905   195.073775
6.371905   --undefined--
6.386905   --undefined--
6.401905   --undefined--
6.416905   --undefined--
END PITCH
0.161268103438041	2Y
Time_s   F0_Hz
6.423299   --undefined--
6.438299   --undefined--
6.453299   --undefined--
6.468299   227.263211
6.483299   226.418628
6.498299   230.694836
6.513299   234.913119
6.528299   238.283525
6.543299   235.564521
6.558299   227.471310
6.573299   --undefined--
END PITCH
0.349220533408257	4N
Time_s   F0_Hz
6.581037   --undefined--
6.596037   --undefined--
6.611037   --undefined--
6.626037   --undefined--
6.641037   --undefined--
6.656037   --undefined--
6.671037   --undefined--
6.686037   --undefined--
6.701037   --undefined--
6.716037   256.642635
6.731037   257.348966
6.746037   250.754357
6.761037   242.602129
6.776037   235.614349
6.791037   237.953716
6.806037   244.840623
6.821037   --undefined--
6.836037   --undefined--
6.851037   --undefined--
6.866037   --undefined--
6.881037   --undefined--
6.896037   --undefined--
6.911037   --undefined--
6.926037   --undefined--
END PITCH
0.20800000000000018	3N
Time_s   F0_Hz
6.934643   --undefined--
6.949643   --undefined--
6.964643   --undefined--
6.979643   --undefined--
6.994643   --undefined--
7.009643   --undefined--
7.024643   212.115220
7.039643   192.999292
7.054643   180.488644
7.069643   164.954665
7.084643   164.912520
7.099643   157.524271
7.114643   152.465820
7.129643   156.342177
END PITCH
0.11350816952723353	2Y
Time_s   F0_Hz
7.140402   161.542509
7.155402   166.144343
7.170402   170.284868
7.185402   185.980462
7.200402   215.535154
7.215402   239.018732
7.230402   250.722362
7.245402   248.436670
END PITCH
0.43249173194747303	3N
Time_s   F0_Hz
7.255907   238.792325
7.270907   238.424295
7.285907   242.921752
7.300907   --undefined--
7.315907   --undefined--
7.330907   245.921857
7.345907   234.372655
7.360907   217.124245
7.375907   191.512245
7.390907   174.766490
7.405907   158.782016
7.420907   154.093059
7.435907   143.062900
7.450907   141.715471
7.465907   139.199691
7.480907   136.399204
7.495907   136.467203
7.510907   136.672402
7.525907   136.793210
7.540907   140.680986
7.555907   144.141106
7.570907   147.839375
7.585907   151.098407
7.600907   157.199349
7.615907   162.656795
7.630907   167.279248
7.645907   169.486672
7.660907   173.762776
7.675907   179.900085
END PITCH
0.17590897034309805	4Y
Time_s   F0_Hz
8.245607   --undefined--
8.260607   --undefined--
8.275607   --undefined--
8.290607   296.173923
8.305607   289.492857
8.320607   280.330408
8.335607   272.150574
8.350607   266.915465
8.365607   262.737545
8.380607   251.377693
8.395607   239.744741
8.410607   233.116490
END PITCH
0.13561181425471602	4Y
Time_s   F0_Hz
8.416366   230.467198
8.431366   --undefined--
8.446366   --undefined--
8.461366   --undefined--
8.476366   --undefined--
8.491366   --undefined--
8.506366   225.275522
8.521366   206.841131
8.536366   195.439648
8.551366   188.566815
END PITCH
0.17226365594518	1Y
Time_s   F0_Hz
8.555300   186.241425
8.570300   181.595957
8.585300   176.770504
8.600300   177.722889
8.615300   174.855662
8.630300   172.778472
8.645300   167.836975
8.660300   163.898537
8.675300   158.407250
8.690300   158.421991
8.705300   155.352501
8.720300   154.555417
END PITCH
0.19791994512850586	1Y
Time_s   F0_Hz
8.725391   155.222589
8.740391   152.802456
8.755391   152.417828
8.770391   153.129350
8.785391   153.174032
8.800391   151.628276
8.815391   149.340107
8.830391   148.216862
8.845391   147.280173
8.860391   146.256409
8.875391   140.976598
8.890391   --undefined--
8.905391   --undefined--
8.920391   --undefined--
END PITCH
0.1406196382035052	3Y
Time_s   F0_Hz
8.924666   --undefined--
8.939666   --undefined--
8.954666   --undefined--
8.969666   --undefined--
8.984666   --undefined--
8.999666   --undefined--
9.014666   --undefined--
9.029666   --undefined--
9.044666   --undefined--
9.059666   --undefined--
END PITCH
0.16126810343804188	2Y
Time_s   F0_Hz
9.068107   --undefined--
9.083107   --undefined--
9.098107   --undefined--
9.113107   --undefined--
9.128107   --undefined--
9.143107   --undefined--
9.158107   195.754243
9.173107   188.525487
9.188107   180.110807
9.203107   170.572390
9.218107   172.922905
END PITCH
0.1044078726869504	5Y
Time_s   F0_Hz
9.230941   171.660414
9.245941   170.016704
9.260941   173.782878
9.275941   181.404229
9.290941   --undefined--
9.305941   --undefined--
9.320941   --undefined--
END PITCH
0.1155031774558335	5Y
Time_s   F0_Hz
9.333396   --undefined--
9.348396   --undefined--
9.363396   --undefined--
9.378396   232.965514
9.393396   234.110378
9.408396   228.656384
9.423396   219.847985
9.438396   214.521257
END PITCH
0.21624586597373607	1Y
Time_s   F0_Hz
9.446769   --undefined--
9.461769   --undefined--
9.476769   --undefined--
9.491769   --undefined--
9.506769   --undefined--
9.521769   --undefined--
9.536769   241.132376
9.551769   252.136919
9.566769   257.919057
9.581769   261.678662
9.596769   263.328895
9.611769   261.100981
9.626769   253.263588
9.641769   242.012055
9.656769   234.029434
END PITCH
0.1802509565704309	1N
Time_s   F0_Hz
9.660011   233.512126
9.675011   237.231475
9.690011   --undefined--
9.705011   --undefined--
9.720011   --undefined--
9.735011   --undefined--
9.750011   309.711688
9.765011   313.576182
9.780011   316.959862
9.795011   317.637077
9.810011   317.857680
9.825011   321.352789
9.840011   326.978930
END PITCH
0.153280802812791	5Y
Time_s   F0_Hz
9.841780   327.684018
9.856780   331.800167
9.871780   324.109677
9.886780   316.690964
9.901780   311.028775
9.916780   288.409740
9.931780   268.617713
9.946780   246.576802
9.961780   234.294158
9.976780   220.015614
9.991780   227.644300
END PITCH
0.13194663008566998	4Y
Time_s   F0_Hz
9.999399   --undefined--
10.014399   --undefined--
10.029399   --undefined--
10.044399   252.154190
10.059399   247.116449
10.074399   245.359429
10.089399   244.107985
10.104399   240.815326
10.119399   232.647881
END PITCH
0.09529478839520777	4Y
Time_s   F0_Hz
10.128027   228.155264
10.143027   226.503122
10.158027   224.827784
10.173027   216.524786
10.188027   221.460148
10.203027   228.822820
10.218027   --undefined--
END PITCH
0.38747777870633193	4Y
Time_s   F0_Hz
10.226910   --undefined--
10.241910   --undefined--
10.256910   256.705747
10.271910   252.424665
10.286910   251.513377
10.301910   252.781432
10.316910   252.577766
10.331910   249.344086
10.346910   247.597454
10.361910   244.967740
10.376910   243.236985
10.391910   240.216853
10.406910   237.140533
10.421910   236.318190
10.436910   236.233157
10.451910   235.973590
10.466910   235.769921
10.481910   237.997005
10.496910   240.613611
10.511910   245.062054
10.526910   247.994929
10.541910   242.072693
10.556910   236.543802
10.571910   --undefined--
10.586910   --undefined--
10.601910   --undefined--
END PITCH
