#Each entry contains the duration of a syllable (in seconds), an optional label, and a pitch time series.
0.14730128496276973	4N
Time_s   F0_Hz
0.306037   --undefined--
0.321037   234.508554
0.336037   233.893710
0.351037   232.952955
0.366037   223.519540
0.381037   220.889035
0.396037   223.068639
0.411037   221.832743
0.426037   222.386571
0.441037   224.667058
END PITCH
0.1624091090615153	2Y
Time_s   F0_Hz
0.453390   225.519327
0.468390   222.844491
0.483390   220.551526
0.498390   218.567376
0.513390   219.777195
0.528390   227.856038
0.543390   235.669301
0.558390   250.858540
0.573390   261.530269
0.588390   277.409460
0.603390   291.808015
END PITCH
0.49666971724626185	5Y
Time_s   F0_Hz
0.610425   302.732588
0.625425   328.195800
0.640425   339.331746
0.655425   347.100491
0.670425   351.076301
0.685425   352.460900
0.700425   353.038329
0.715425   351.157728
0.730425   348.188493
0.745425   342.582294
0.760425   334.760912
0.775425   331.971042
0.790425   325.541452
0.805425   324.219751
0.820425   328.685009
0.835425   326.438060
0.850425   321.095931
0.865425   322.742323
0.880425   318.933327
0.895425   318.180230
0.910425   --undefined--
0.925425   154.324683
0.940425   153.961810
0.955425   152.828175
0.970425   151.066523
0.985425   149.666927
1.000425   148.695118
1.015425   149.534108
1.030425   149.814134
1.045425   150.372429
1.060425   150.674084
1.075425   150.898522
1.090425   148.650214
1.105425   --undefined--
END PITCH
0.06342479794229194	3Y
Time_s   F0_Hz
1.382438   226.860731
1.397438   221.923718
1.412438   220.215534
1.427438   223.970213
1.442438   228.145551
END PITCH
0.08498151055544412	4Y
Time_s   F0_Hz
1.449144   229.852715
1.464144   233.750178
1.479144   237.366449
1.494144   236.940552
1.509144   232.576989
1.524144   221.947650
END PITCH
0.11897411477762154	2Y
Time_s   F0_Hz
1.536117   221.508295
1.551117   221.821214
1.566117   225.543551
1.581117   224.421252
1.596117   261.315854
1.611117   265.402094
1.626117   265.731466
1.641117   265.940817
END PITCH
0.2266173614811844	4Y
Time_s   F0_Hz
1.648906   134.291825
1.663906   133.702646
1.678906   129.036557
1.693906   130.666217
1.708906   130.777030
1.723906   --undefined--
1.738906   351.869254
1.753906   346.193039
1.768906   339.885426
1.783906   168.633519
1.798906   167.806106
1.813906   166.024142
1.828906   165.540663
1.843906   167.930435
1.858906   166.076192
1.873906   167.311612
END PITCH
0.24049640902093317	4Y
Time_s   F0_Hz
1.874966   --undefined--
1.889966   --undefined--
1.904966   --undefined--
1.919966   --undefined--
1.934966   367.266330
1.949966   363.919058
1.964966   357.826150
1.979966   357.873992
1.994966   358.989096
2.009966   358.505284
2.024966   359.303983
2.039966   359.275729
2.054966   358.261509
2.069966   354.750343
2.084966   349.594724
2.099966   345.104896
2.114966   336.525144
END PITCH
0.5363277555054693	5Y
Time_s   F0_Hz
2.120879   336.753582
2.135879   335.737519
2.150879   331.390178
2.165879   332.130397
2.180879   330.460116
2.195879   331.746581
2.210879   329.414791
2.225879   327.111923
2.240879   326.548767
2.255879   324.651389
2.270879   323.563953
2.285879   320.938524
2.300879   159.450395
2.315879   158.462188
2.330879   156.455112
2.345879   157.098796
2.360879   156.559428
2.375879   155.838912
2.390879   155.922845
2.405879   155.693986
2.420879   155.332919
2.435879   154.992133
2.450879   154.458878
2.465879   154.805586
2.480879   155.460271
2.495879   156.435468
2.510879   157.185833
2.525879   157.641784
2.540879   158.744987
2.555879   157.627872
2.570879   154.956549
2.585879   154.687632
2.600879   155.927806
2.615879   156.101410
2.630879   154.527720
2.645879   152.750175
END PITCH
0.14556799636723516	4Y
Time_s   F0_Hz
3.050981   --undefined--
3.065981   --undefined--
3.080981   157.343807
3.095981   154.135151
3.110981   152.028040
3.125981   295.068392
3.140981   286.059859
3.155981   --undefined--
3.170981   --undefined--
3.185981   --undefined--
END PITCH
0.2576137775989551	1Y
Time_s   F0_Hz
3.192579   --undefined--
3.207579   --undefined--
3.222579   --undefined--
3.237579   --undefined--
3.252579   --undefined--
3.267579   335.911846
3.282579   328.818937
3.297579   326.645843
3.312579   332.756967
3.327579   336.431190
3.342579   343.359506
3.357579   342.781389
3.372579   340.441785
3.387579   340.136813
3.402579   341.124003
3.417579   335.238115
3.432579   333.647964
3.447579   332.938222
END PITCH
0.498451005572742	5N
Time_s   F0_Hz
3.450607   333.428425
3.465607   --undefined--
3.480607   --undefined--
3.495607   --undefined--
3.510607   314.970697
3.525607   316.748135
3.540607   316.017706
3.555607   315.667182
3.570607   314.610029
3.585607   312.818686
3.600607   310.808780
3.615607   309.140656
3.630607   306.896871
3.645607   306.439607
3.660607   305.497407
3.675607   302.263789
3.690607   302.100058
3.705607   301.149861
3.720607   151.200885
3.735607   150.088170
3.750607   147.130705
3.765607   144.678371
3.780607   143.463654
3.795607   144.525633
3.810607   97.016184
3.825607   97.345717
3.840607   96.217028
3.855607   96.375893
3.870607   96.764029
3.885607   --undefined--
3.900607   --undefined--
3.915607   --undefined--
3.930607   --undefined--
3.945607   --undefined--
END PITCH
0.09075915799635403	3Y
Time_s   F0_Hz
4.439649   204.183818
4.454649   204.135915
4.469649   206.773469
4.484649   208.579260
4.499649   210.181608
4.514649   214.269162
4.529649   220.383949
END PITCH
0.19724084200364533	4Y
Time_s   F0_Hz
4.531139   221.045518
4.546139   226.637743
4.561139   231.273492
4.576139   239.278419
4.591139   248.643709
4.606139   250.526836
4.621139   260.019361
4.636139   276.452891
4.651139   284.460025
4.666139   290.622172
4.681139   283.943184
4.696139   --undefined--
4.711139   --undefined--
4.726139   --undefined--
END PITCH
0.10869259599595349	4N
Time_s   F0_Hz
4.729110   --undefined--
4.744110   --undefined--
4.759110   --undefined--
4.774110   367.826989
4.789110   362.087257
4.804110   352.534719
4.819110   350.251207
4.834110   344.663604
END PITCH
0.27346024113800116	2Y
Time_s   F0_Hz
4.837687   340.639806
4.852687   332.715165
4.867687   328.139873
4.882687   318.150358
4.897687   310.003999
4.912687   303.013672
4.927687   300.336134
4.942687   298.276071
4.957687   297.497336
4.972687   296.029939
4.987687   295.885571
5.002687   296.411775
5.017687   295.583292
5.032687   294.898709
5.047687   296.654653
5.062687   298.972069
5.077687   300.748070
5.092687   300.917682
5.107687   300.717277
END PITCH
0.369847162866046	5Y
Time_s   F0_Hz
5.114342   300.784107
5.129342   298.932678
5.144342   301.441721
5.159342   309.701242
5.174342   313.214380
5.189342   310.061753
5.204342   309.323783
5.219342   306.541249
5.234342   307.525863
5.249342   313.592261
5.264342   314.279342
5.279342   315.399094
5.294342   311.649574
5.309342   306.527185
5.324342   312.914219
5.339342   323.079531
5.354342   324.165886
5.369342   325.660951
5.384342   325.135332
5.399342   326.181171
5.414342   163.759106
5.429342   163.614363
5.444342   162.741799
5.459342   160.093373
5.474342   156.374703
END PITCH
0.16000000000000014	3Y
Time_s   F0_Hz
5.484274   151.639845
5.499274   145.890688
5.514274   135.255256
5.529274   251.045358
5.544274   237.172105
5.559274   233.545134
5.574274   226.964300
5.589274   217.753133
5.604274   213.543175
5.619274   --undefined--
5.634274   --undefined--
END PITCH
0.12799999999999923	1N
Time_s   F0_Hz
5.643265   --undefined--
5.658265   --undefined--
5.673265   251.255965
5.688265   268.205791
5.703265   285.356845
5.718265   290.137799
5.733265   295.312435
5.748265   297.125207
5.763265   --undefined--
END PITCH
0.11444752941429925	1Y
Time_s   F0_Hz
5.771990   161.832789
5.786990   166.930721
5.801990   169.875309
5.816990   170.491452
5.831990   170.135630
5.846990   170.244899
5.861990   172.212883
5.876990   171.439638
END PITCH
0.17562845514791725	1Y
Time_s   F0_Hz
5.887035   339.293358
5.902035   343.591454
5.917035   351.505064
5.932035   350.351150
5.947035   357.564720
5.962035   361.356545
5.977035   360.539868
5.992035   361.352806
6.007035   359.487068
6.022035   353.593992
6.037035   341.894706
6.052035   331.825078
END PITCH
0.34747995427114997	1Y
Time_s   F0_Hz
6.058588   328.967745
6.073588   322.598488
6.088588   314.125304
6.103588   314.280882
6.118588   314.669944
6.133588   309.079256
6.148588   306.042218
6.163588   153.211248
6.178588   152.220502
6.193588   149.037349
6.208588   141.428973
6.223588   139.994113
6.238588   104.446560
6.253588   103.698308
6.268588   101.787262
6.283588   99.506100
6.298588   97.258461
6.313588   97.126268
6.328588   97.750588
6.343588   143.808525
6.358588   142.209513
6.373588   138.687549
6.388588   138.903717
6.403588   132.274338
END PITCH
0.1304440611666342	3Y
Time_s   F0_Hz
6.410045   254.895361
6.425045   243.588084
6.440045   233.539093
6.455045   228.359556
6.470045   220.650722
6.485045   218.150014
6.500045   219.996215
6.515045   225.395724
6.530045   --undefined--
END PITCH
0.11135737584315031	4N
Time_s   F0_Hz
6.538441   --undefined--
6.553441   --undefined--
6.568441   --undefined--
6.583441   --undefined--
6.598441   --undefined--
6.613441   127.244862
6.628441   125.006718
6.643441   123.487081
END PITCH
0.2785731634075477	2Y
Time_s   F0_Hz
6.650907   249.707993
6.665907   245.764587
6.680907   243.923759
6.695907   243.137524
6.710907   242.241473
6.725907   241.450204
6.740907   238.951059
6.755907   237.549695
6.770907   238.036811
6.785907   242.201844
6.800907   246.312497
6.815907   250.509413
6.830907   261.678275
6.845907   275.958137
6.860907   283.413332
6.875907   292.937732
6.890907   --undefined--
6.905907   --undefined--
6.920907   --undefined--
END PITCH
0.13221435959477734	2Y
Time_s   F0_Hz
7.341372   --undefined--
7.356372   --undefined--
7.371372   --undefined--
7.386372   306.498611
7.401372   312.582564
7.416372   343.775169
7.431372   368.175713
7.446372   385.206978
7.461372   398.813568
END PITCH
0.2115095373824385	3Y
Time_s   F0_Hz
7.468243   404.661207
7.483243   415.893400
7.498243   413.506564
7.513243   407.307201
7.528243   392.071166
7.543243   369.618465
7.558243   347.849722
7.573243   342.150227
7.588243   309.983546
7.603243   284.246926
7.618243   276.789897
7.633243   --undefined--
7.648243   --undefined--
7.663243   --undefined--
7.678243   --undefined--
END PITCH
0.25683300967867595	1Y
Time_s   F0_Hz
7.679915   --undefined--
7.694915   --undefined--
7.709915   --undefined--
7.724915   --undefined--
7.739915   --undefined--
7.754915   --undefined--
7.769915   --undefined--
7.784915   --undefined--
7.799915   354.046503
7.814915   350.894719
7.829915   339.454801
7.844915   338.704678
7.859915   345.202205
7.874915   347.083296
7.889915   346.554023
7.904915   346.973958
7.919915   346.017030
7.934915   347.004351
END PITCH
0.17940541117260356	5Y
Time_s   F0_Hz
7.943033   175.355844
7.958033   174.486089
7.973033   168.472971
7.988033   157.988677
8.003033   --undefined--
8.018033   --undefined--
8.033033   --undefined--
8.048033   --undefined--
8.063033   --undefined--
8.078033   --undefined--
8.093033   --undefined--
8.108033   --undefined--
END PITCH
0.09442390061716033	3Y
Time_s   F0_Hz
8.488016   204.482179
8.503016   200.371262
8.518016   --undefined--
8.533016   --undefined--
8.548016   --undefined--
8.563016   --undefined--
8.578016   --undefined--
END PITCH
0.12463954881465078	1N
Time_s   F0_Hz
8.582540   --undefined--
8.597540   --undefined--
8.612540   230.623238
8.627540   233.127808
8.642540   231.043175
8.657540   224.988496
8.672540   227.062794
8.687540   236.820306
8.702540   251.128881
END PITCH
0.154855197012143	1Y
Time_s   F0_Hz
8.707290   252.444154
8.722290   256.901244
8.737290   257.033791
8.752290   255.589720
8.767290   256.522105
8.782290   259.199307
8.797290   258.460748
8.812290   256.236406
8.827290   255.586259
8.842290   252.908489
8.857290   246.753781
END PITCH
0.26060996570336137	1Y
Time_s   F0_Hz
8.862534   247.779317
8.877534   251.248442
8.892534   252.525370
8.907534   254.713589
8.922534   256.292068
8.937534   254.544613
8.952534   130.560728
8.967534   131.009445
8.982534   128.503409
8.997534   128.485957
9.012534   128.470735
9.027534   129.412114
9.042534   129.489488
9.057534   129.202669
9.072534   128.744297
9.087534   128.257450
9.102534   128.474228
9.117534   129.917290
END PITCH
0.33614908619709105	1Y
Time_s   F0_Hz
9.123413   131.081597
9.138413   132.711789
9.153413   130.289297
9.168413   130.778438
9.183413   --undefined--
9.198413   --undefined--
9.213413   --undefined--
9.228413   --undefined--
9.243413   --undefined--
9.258413   --undefined--
9.273413   --undefined--
9.288413   326.562372
9.303413   311.227019
9.318413   303.934083
9.333413   299.700539
9.348413   --undefined--
9.363413   --undefined--
9.378413   --undefined--
9.393413   --undefined--
9.408413   --undefined--
9.423413   --undefined--
9.438413   --undefined--
9.453413   --undefined--
END PITCH
0.1435243289380832	4Y
Time_s   F0_Hz
9.642080   --undefined--
9.657080   --undefined--
9.672080   --undefined--
9.687080   245.156969
9.702080   240.320922
9.717080   235.606124
9.732080   --undefined--
9.747080   --undefined--
9.762080   --undefined--
9.777080   --undefined--
END PITCH
0.14592600336750117	4Y
Time_s   F0_Hz
9.786808   --undefined--
9.801808   --undefined--
9.816808   238.542627
9.831808   232.725415
9.846808   228.460424
9.861808   221.533230
9.876808   --undefined--
9.891808   --undefined--
9.906808   --undefined--
9.921808   --undefined--
END PITCH
0.3299704557429859	4Y
Time_s   F0_Hz
9.934756   --undefined--
9.949756   --undefined--
9.964756   253.784822
9.979756   248.807101
9.994756   248.453983
10.009756   248.945425
10.024756   249.446751
10.039756   247.976815
10.054756   247.787294
10.069756   248.405092
10.084756   247.608106
10.099756   246.877572
10.114756   246.696262
10.129756   245.889985
10.144756   245.513718
10.159756   243.661261
10.174756   240.745391
10.189756   234.104298
10.204756   227.733936
10.219756   227.563280
10.234756   217.260584
10.249756   --undefined--
END PITCH
0.18329750929802557	3Y
Time_s   F0_Hz
10.401621   --undefined--
10.416621   --undefined--
10.431621   --undefined--
10.446621   --undefined--
10.461621   --undefined--
10.476621   --undefined--
10.491621   --undefined--
10.506621   --undefined--
10.521621   --undefined--
10.536621   --undefined--
10.551621   --undefined--
10.566621   --undefined--
10.581621   --undefined--
END PITCH
0.1280000000000001	2Y
Time_s   F0_Hz
10.587268   --undefined--
10.602268   --undefined--
10.617268   --undefined--
10.632268   194.753293
10.647268   197.462462
10.662268   201.884283
10.677268   203.918657
10.692268   199.574978
10.707268   --undefined--
END PITCH
0.20800000000000196	1Y
Time_s   F0_Hz
10.717772   --undefined--
10.732772   --undefined--
10.747772   --undefined--
10.762772   --undefined--
10.777772   --undefined--
10.792772   337.392155
10.807772   352.419645
10.822772   367.310395
10.837772   374.744801
10.852772   380.960220
10.867772   382.630462
10.882772   --undefined--
10.897772   --undefined--
10.912772   --undefined--
END PITCH
0.20587804744176275	5Y
Time_s   F0_Hz
10.924711   --undefined--
10.939711   --undefined--
10.954711   410.048575
10.969711   402.251869
10.984711   387.835746
10.999711   375.405695
11.014711   379.969293
11.029711   --undefined--
11.044711   --undefined--
11.059711   --undefined--
11.074711   --undefined--
11.089711   --undefined--
11.104711   --undefined--
11.119711   --undefined--
END PITCH
