#Each entry contains the duration of a syllable (in seconds), an optional label, and a pitch time series.
0	2Y
Time_s   F0_Hz
0   --undefined--
END PITCH
0.1451960992179701	1Y
Time_s   F0_Hz
0.213486   233.942343
0.228486   235.448779
0.243486   238.406651
0.258486   242.546806
0.273486   246.549999
0.288486   249.735909
0.303486   253.172210
0.318486   256.635704
0.333486   253.663120
0.348486   249.481436
END PITCH
0.13665515220514834	4Y
Time_s   F0_Hz
0.354416   248.081370
0.369416   243.115317
0.384416   237.649889
0.399416   231.943367
0.414416   226.947366
0.429416   222.627392
0.444416   218.758832
0.459416   213.956459
0.474416   205.074394
0.489416   204.641940
END PITCH
0.15800751973720273	3N
Time_s   F0_Hz
0.652256   --undefined--
0.667256   --undefined--
0.682256   --undefined--
0.697256   190.878739
0.712256   183.540766
0.727256   176.983113
0.742256   170.040556
0.757256   175.295964
0.772256   174.545869
0.787256   171.303417
0.802256   167.465753
END PITCH
0.2040852177336333	4Y
Time_s   F0_Hz
0.810799   164.630765
0.825799   160.721690
0.840799   172.774972
0.855799   166.450501
0.870799   --undefined--
0.885799   248.136211
0.900799   250.304528
0.915799   246.317623
0.930799   242.136926
0.945799   235.101280
0.960799   219.571930
0.975799   205.659438
0.990799   194.966670
1.005799   206.774412
END PITCH
0.19306881836257905	3N
Time_s   F0_Hz
1.016871   --undefined--
1.031871   --undefined--
1.046871   --undefined--
1.061871   203.010594
1.076871   192.865797
1.091871   187.567821
1.106871   183.940159
1.121871   185.963718
1.136871   192.296822
1.151871   197.927130
1.166871   205.319145
1.181871   213.714553
1.196871   214.363287
END PITCH
0.29039219843594033	3Y
Time_s   F0_Hz
1.206105   208.248493
1.221105   204.490698
1.236105   208.416777
1.251105   --undefined--
1.266105   --undefined--
1.281105   --undefined--
1.296105   --undefined--
1.311105   --undefined--
1.326105   --undefined--
1.341105   --undefined--
1.356105   --undefined--
1.371105   --undefined--
1.386105   --undefined--
1.401105   --undefined--
1.416105   --undefined--
1.431105   --undefined--
1.446105   --undefined--
1.461105   134.591982
1.476105   136.815067
1.491105   145.000541
END PITCH
0.10249136415386118	3Y
Time_s   F0_Hz
1.500057   145.734414
1.515057   148.432917
1.530057   155.946292
1.545057   166.701112
1.560057   175.254527
1.575057   174.619839
1.590057   175.098394
END PITCH
0.24604761904761951	2N
Time_s   F0_Hz
1.599308   --undefined--
1.614308   --undefined--
1.629308   --undefined--
1.644308   --undefined--
1.659308   --undefined--
1.674308   --undefined--
1.689308   199.173964
1.704308   197.809970
1.719308   198.605155
1.734308   196.984544
1.749308   197.115038
1.764308   200.595474
1.779308   203.236197
1.794308   208.692628
1.809308   213.620616
1.824308   209.544457
1.839308   206.255335
END PITCH
0.11874729318929678	4Y
Time_s   F0_Hz
1.849212   208.677666
1.864212   235.694769
1.879212   247.940998
1.894212   243.948499
1.909212   236.234350
1.924212   226.283715
1.939212   215.843368
1.954212   203.740976
END PITCH
0.22847033259298244	1N
Time_s   F0_Hz
1.962817   200.958423
1.977817   199.798887
1.992817   205.225010
2.007817   215.234721
2.022817   212.184258
2.037817   208.305551
2.052817   204.584836
2.067817   202.868475
2.082817   202.541167
2.097817   202.761569
2.112817   203.068730
2.127817   203.798424
2.142817   205.523931
2.157817   204.400979
2.172817   201.044693
2.187817   194.803671
END PITCH
0.19217130778848945	2N
Time_s   F0_Hz
2.195635   192.492326
2.210635   186.765750
2.225635   179.930933
2.240635   173.606933
2.255635   168.607232
2.270635   167.057985
2.285635   165.482259
2.300635   165.701658
2.315635   168.600769
2.330635   184.359521
2.345635   189.975517
2.360635   192.725728
2.375635   201.018646
END PITCH
0.08540947012821798	5Y
Time_s   F0_Hz
2.386933   204.941688
2.401933   207.366816
2.416933   206.628186
2.431933   206.174331
2.446933   204.021058
2.461933   214.832462
END PITCH
0.24046522574107598	2Y
Time_s   F0_Hz
2.467370   63.473534
2.482370   62.629812
2.497370   62.663078
2.512370   83.850563
2.527370   83.826143
2.542370   84.409265
2.557370   --undefined--
2.572370   --undefined--
2.587370   --undefined--
2.602370   --undefined--
2.617370   84.609518
2.632370   83.602674
2.647370   86.978309
2.662370   62.462358
2.677370   64.162526
2.692370   63.902245
2.707370   63.728690
END PITCH
0.25622841038465305	4N
Time_s   F0_Hz
2.708214   63.709813
2.723214   --undefined--
2.738214   --undefined--
2.753214   --undefined--
2.768214   --undefined--
2.783214   --undefined--
2.798214   222.834839
2.813214   216.083691
2.828214   206.180530
2.843214   200.076899
2.858214   191.776331
2.873214   186.669465
2.888214   182.360610
2.903214   173.613044
2.918214   171.744828
2.933214   178.380228
2.948214   176.081028
2.963214   178.269546
END PITCH
0.3202149274572652	1N
Time_s   F0_Hz
3.444734   --undefined--
3.459734   --undefined--
3.474734   --undefined--
3.489734   --undefined--
3.504734   --undefined--
3.519734   --undefined--
3.534734   --undefined--
3.549734   --undefined--
3.564734   235.392671
3.579734   243.857355
3.594734   244.772372
3.609734   239.640642
3.624734   232.188868
3.639734   224.346858
3.654734   220.527966
3.669734   224.508595
3.684734   226.602216
3.699734   228.561962
3.714734   229.408061
3.729734   226.099606
3.744734   217.982885
3.759734   210.832503
END PITCH
0.1759999999999997	4Y
Time_s   F0_Hz
3.767840   217.997323
3.782840   241.524287
3.797840   243.428456
3.812840   243.504960
3.827840   240.516581
3.842840   232.942684
3.857840   226.986283
3.872840   222.530040
3.887840   216.392218
3.902840   211.064084
3.917840   204.007298
3.932840   198.002247
END PITCH
0.204658326508671	4Y
Time_s   F0_Hz
3.943169   198.135987
3.958169   198.171214
3.973169   198.349521
3.988169   199.341915
4.003169   198.260741
4.018169   195.459743
4.033169   192.221609
4.048169   189.545950
4.063169   183.938260
4.078169   178.884667
4.093169   174.146860
4.108169   168.851628
4.123169   169.433984
4.138169   173.289023
END PITCH
0.4313178241475004	4Y
Time_s   F0_Hz
4.148651   175.223074
4.163651   --undefined--
4.178651   --undefined--
4.193651   --undefined--
4.208651   183.307223
4.223651   175.978347
4.238651   172.367949
4.253651   169.402363
4.268651   166.348608
4.283651   164.431092
4.298651   161.131855
4.313651   158.327214
4.328651   155.803207
4.343651   149.443262
4.358651   143.573123
4.373651   141.085608
4.388651   135.947708
4.403651   131.328601
4.418651   --undefined--
4.433651   --undefined--
4.448651   --undefined--
4.463651   --undefined--
4.478651   --undefined--
4.493651   --undefined--
4.508651   --undefined--
4.523651   --undefined--
4.538651   --undefined--
4.553651   --undefined--
4.568651   --undefined--
END PITCH
0.2772127649420053	4Y
Time_s   F0_Hz
4.577914   141.299501
4.592914   --undefined--
4.607914   --undefined--
4.622914   --undefined--
4.637914   --undefined--
4.652914   --undefined--
4.667914   --undefined--
4.682914   --undefined--
4.697914   --undefined--
4.712914   --undefined--
4.727914   257.393951
4.742914   248.224056
4.757914   234.539488
4.772914   221.231110
4.787914   211.560511
4.802914   203.218564
4.817914   198.764056
4.832914   195.680853
4.847914   201.394267
END PITCH
0.32669122324043265	3Y
Time_s   F0_Hz
4.857375   --undefined--
4.872375   --undefined--
4.887375   --undefined--
4.902375   --undefined--
4.917375   --undefined--
4.932375   --undefined--
4.947375   --undefined--
4.962375   184.675354
4.977375   180.661346
4.992375   167.623171
5.007375   153.130325
5.022375   146.185913
5.037375   69.608457
5.052375   68.068615
5.067375   67.836093
5.082375   143.060226
5.097375   142.832300
5.112375   146.869762
5.127375   147.973624
5.142375   146.048885
5.157375   --undefined--
5.172375   --undefined--
END PITCH
0.1281142051923272	4Y
Time_s   F0_Hz
5.182279   --undefined--
5.197279   --undefined--
5.212279   208.844115
5.227279   201.645067
5.242279   200.000409
5.257279   198.095614
5.272279   195.373567
5.287279   191.045888
5.302279   184.776706
END PITCH
0.11743802142629889	5Y
Time_s   F0_Hz
5.312545   178.148399
5.327545   177.610878
5.342545   170.953568
5.357545   165.848087
5.372545   164.579165
5.387545   161.330017
5.402545   156.944409
5.417545   154.924660
END PITCH
0.2585676345427652	2N
Time_s   F0_Hz
5.425550   --undefined--
5.440550   --undefined--
5.455550   --undefined--
5.470550   --undefined--
5.485550   --undefined--
5.500550   --undefined--
5.515550   --undefined--
5.530550   --undefined--
5.545550   --undefined--
5.560550   --undefined--
5.575550   --undefined--
5.590550   168.594854
5.605550   158.764058
5.620550   156.270081
5.635550   152.617235
5.650550   149.036608
5.665550   150.236059
5.680550   156.161744
END PITCH
0.2239999999999993	4N
Time_s   F0_Hz
5.689342   168.122977
5.704342   172.105583
5.719342   170.243961
5.734342   172.514305
5.749342   180.069269
5.764342   185.179312
5.779342   182.739870
5.794342   180.747628
5.809342   179.511968
5.824342   175.592612
5.839342   170.490877
5.854342   169.228030
5.869342   167.813625
5.884342   165.594415
5.899342   172.781881
END PITCH
0.1350045522409129	4N
Time_s   F0_Hz
5.913844   --undefined--
5.928844   --undefined--
5.943844   203.955932
5.958844   201.980487
5.973844   201.892348
5.988844   202.152552
6.003844   199.075547
6.018844   194.399354
6.033844   191.238118
END PITCH
0.1024913641538614	1N
Time_s   F0_Hz
6.047585   189.100602
6.062585   185.297492
6.077585   181.745250
6.092585   182.600689
6.107585   185.119995
6.122585   184.357978
6.137585   181.164179
END PITCH
0.2071179650609274	2N
Time_s   F0_Hz
6.149892   178.217437
6.164892   177.508583
6.179892   169.055085
6.194892   162.949800
6.209892   160.545856
6.224892   152.381806
6.239892   146.939225
6.254892   147.290627
6.269892   146.008749
6.284892   147.974784
6.299892   147.703332
6.314892   146.816542
6.329892   150.491901
6.344892   155.497272
END PITCH
0.21312882853859882	4Y
Time_s   F0_Hz
6.352517   158.504353
6.367517   --undefined--
6.382517   --undefined--
6.397517   194.774284
6.412517   188.714375
6.427517   183.390769
6.442517   177.499056
6.457517   168.572737
6.472517   162.720258
6.487517   159.501697
6.502517   153.582253
6.517517   146.474459
6.532517   142.867666
6.547517   143.448397
6.562517   143.477574
END PITCH
0.31825729000569947	1Y
Time_s   F0_Hz
6.565709   144.021860
6.580709   144.815961
6.595709   137.563113
6.610709   --undefined--
6.625709   --undefined--
6.640709   --undefined--
6.655709   --undefined--
6.670709   179.909580
6.685709   173.987132
6.700709   164.562785
6.715709   163.671558
6.730709   164.561918
6.745709   164.687676
6.760709   163.231931
6.775709   160.556191
6.790709   161.036102
6.805709   162.367421
6.820709   165.461402
6.835709   168.620699
6.850709   166.111575
6.865709   162.404828
6.880709   164.326404
END PITCH
0.17600000000000016	2N
Time_s   F0_Hz
7.271842   --undefined--
7.286842   192.833813
7.301842   177.654714
7.316842   172.878753
7.331842   174.917458
7.346842   177.405878
7.361842   174.757633
7.376842   168.257729
7.391842   160.737677
7.406842   --undefined--
7.421842   --undefined--
7.436842   --undefined--
END PITCH
0.47999999999999954	4Y
Time_s   F0_Hz
7.457336   --undefined--
7.472336   224.960920
7.487336   219.384890
7.502336   216.482371
7.517336   212.987227
7.532336   209.554327
7.547336   206.911955
7.562336   205.487302
7.577336   203.108391
7.592336   199.902316
7.607336   196.166170
7.622336   193.661081
7.637336   192.039873
7.652336   190.057844
7.667336   188.054627
7.682336   187.296478
7.697336   186.763138
7.712336   186.180026
7.727336   184.125778
7.742336   182.075757
7.757336   180.382769
7.772336   179.043068
7.787336   178.980226
7.802336   178.776544
7.817336   178.650825
7.832336   178.567046
7.847336   177.669469
7.862336   172.297538
7.877336   162.460562
7.892336   162.111122
7.907336   166.762811
7.922336   --undefined--
END PITCH
0.2159277960212611	4Y
Time_s   F0_Hz
7.925306   --undefined--
7.940306   --undefined--
7.955306   257.084615
7.970306   247.342288
7.985306   243.422664
8.000306   235.967922
8.015306   228.866700
8.030306   225.603286
8.045306   219.821083
8.060306   213.358387
8.075306   205.586885
8.090306   199.533799
8.105306   195.177139
8.120306   191.799542
8.135306   189.419571
END PITCH
0.6800722039787406	2N
Time_s   F0_Hz
8.140811   190.384435
8.155811   190.690139
8.170811   --undefined--
8.185811   --undefined--
8.200811   --undefined--
8.215811   --undefined--
8.230811   --undefined--
8.245811   --undefined--
8.260811   --undefined--
8.275811   --undefined--
8.290811   --undefined--
8.305811   188.072072
8.320811   188.288155
8.335811   187.041299
8.350811   181.076289
8.365811   171.176493
8.380811   166.774153
8.395811   169.700372
8.410811   171.192925
8.425811   170.910080
8.440811   172.511648
8.455811   175.493663
8.470811   177.872413
8.485811   180.942108
8.500811   184.355461
8.515811   185.570055
8.530811   184.603391
8.545811   184.452678
8.560811   184.925665
8.575811   185.124833
8.590811   185.280994
8.605811   186.415255
8.620811   187.997344
8.635811   190.186378
8.650811   192.835703
8.665811   196.011053
8.680811   198.145227
8.695811   198.872478
8.710811   197.924384
8.725811   196.115162
8.740811   193.216618
8.755811   193.632536
8.770811   195.027585
8.785811   199.104848
8.800811   --undefined--
8.815811   --undefined--
END PITCH
0.24004569285404465	3N
Time_s   F0_Hz
9.378367   --undefined--
9.393367   --undefined--
9.408367   --undefined--
9.423367   --undefined--
9.438367   --undefined--
9.453367   231.394632
9.468367   224.457417
9.483367   209.237134
9.498367   194.830053
9.513367   188.714189
9.528367   181.271246
9.543367   174.263128
9.558367   170.373660
9.573367   167.230334
9.588367   166.193379
9.603367   162.751881
9.618367   154.914910
END PITCH
0.24768746337183067	1N
Time_s   F0_Hz
9.622234   153.090307
9.637234   147.281424
9.652234   148.225298
9.667234   150.046030
9.682234   --undefined--
9.697234   247.767753
9.712234   249.231958
9.727234   242.695718
9.742234   234.600524
9.757234   231.160272
9.772234   232.505003
9.787234   234.697480
9.802234   237.561149
9.817234   239.325925
9.832234   239.857605
9.847234   237.076673
9.862234   231.787713
END PITCH
0.24341698986542148	4Y
Time_s   F0_Hz
9.867789   229.770994
9.882789   222.193022
9.897789   --undefined--
9.912789   --undefined--
9.927789   --undefined--
9.942789   --undefined--
9.957789   --undefined--
9.972789   270.260354
9.987789   270.523209
10.002789   257.428034
10.017789   240.506437
10.032789   224.507260
10.047789   213.987189
10.062789   204.924830
10.077789   200.262763
10.092789   199.321687
10.107789   195.075809
END PITCH
0.34084985390870237	1Y
Time_s   F0_Hz
10.114921   193.971769
10.129921   --undefined--
10.144921   --undefined--
10.159921   --undefined--
10.174921   --undefined--
10.189921   207.037165
10.204921   200.001062
10.219921   197.608356
10.234921   196.404207
10.249921   195.234695
10.264921   194.230395
10.279921   193.214107
10.294921   192.401353
10.309921   192.360910
10.324921   192.396754
10.339921   192.315436
10.354921   192.088496
10.369921   192.453572
10.384921   --undefined--
10.399921   --undefined--
10.414921   --undefined--
10.429921   --undefined--
10.444921   --undefined--
END PITCH
0.16222924508811154	4Y
Time_s   F0_Hz
10.662222   --undefined--
10.677222   --undefined--
10.692222   --undefined--
10.707222   213.932238
10.722222   204.403044
10.737222   200.310173
10.752222   195.056900
10.767222   190.666150
10.782222   187.548531
10.797222   187.348769
10.812222   186.040543
END PITCH
0.16000000000000014	3Y
Time_s   F0_Hz
10.823345   --undefined--
10.838345   --undefined--
10.853345   194.760619
10.868345   180.391620
10.883345   167.597135
10.898345   160.784166
10.913345   154.888878
10.928345   148.391438
10.943345   142.248821
10.958345   146.875915
10.973345   150.048010
END PITCH
0.17599999999999838	4Y
Time_s   F0_Hz
10.983838   --undefined--
10.998838   --undefined--
11.013838   173.452398
11.028838   163.574431
11.043838   162.390528
11.058838   164.016797
11.073838   166.299616
11.088838   167.394246
11.103838   168.850761
11.118838   170.024825
11.133838   169.716718
11.148838   168.612496
END PITCH
0.24056267152097455	5Y
Time_s   F0_Hz
11.154615   167.831168
11.169615   165.616138
11.184615   163.297530
11.199615   161.894128
11.214615   159.627653
11.229615   155.075923
11.244615   152.323333
11.259615   147.140810
11.274615   143.684570
11.289615   --undefined--
11.304615   --undefined--
11.319615   --undefined--
11.334615   --undefined--
11.349615   --undefined--
11.364615   --undefined--
11.379615   --undefined--
11.394615   --undefined--
END PITCH
0.21276774790317887	4Y
Time_s   F0_Hz
12.334966   --undefined--
12.349966   --undefined--
12.364966   --undefined--
12.379966   --undefined--
12.394966   258.174296
12.409966   258.772936
12.424966   257.628001
12.439966   251.507002
12.454966   239.240921
12.469966   223.719614
12.484966   207.273306
12.499966   195.498946
12.514966   190.237498
12.529966   196.227949
12.544966   --undefined--
END PITCH
0.20226531786637203	1N
Time_s   F0_Hz
12.549983   --undefined--
12.564983   202.261972
12.579983   194.266873
12.594983   190.076754
12.609983   184.656547
12.624983   180.578087
12.639983   183.487909
12.654983   184.481641
12.669983   183.582855
12.684983   184.621078
12.699983   184.720201
12.714983   183.852487
12.729983   182.936116
12.744983   183.045760
END PITCH
0.24768746337183067	5Y
Time_s   F0_Hz
12.752460   181.441530
12.767460   176.423005
12.782460   171.569220
12.797460   167.491195
12.812460   163.138085
12.827460   157.111200
12.842460   153.379922
12.857460   148.654193
12.872460   148.860742
12.887460   146.994214
12.902460   146.797778
12.917460   143.478850
12.932460   141.185609
12.947460   139.516004
12.962460   136.344769
12.977460   135.154364
12.992460   143.296233
END PITCH
0.23804721876179968	3Y
Time_s   F0_Hz
13.002817   144.635124
13.017817   144.544133
13.032817   --undefined--
13.047817   --undefined--
13.062817   --undefined--
13.077817   --undefined--
13.092817   169.096028
13.107817   159.060185
13.122817   157.009272
13.137817   151.624483
13.152817   143.605858
13.167817   140.787971
13.182817   135.823866
13.197817   131.001005
13.212817   --undefined--
13.227817   --undefined--
END PITCH
0.3039999999999985	2N
Time_s   F0_Hz
13.236338   144.267611
13.251338   133.184832
13.266338   126.772720
13.281338   124.601519
13.296338   125.808876
13.311338   124.809475
13.326338   124.821254
13.341338   123.682791
13.356338   124.197650
13.371338   125.304464
13.386338   127.879091
13.401338   134.375585
13.416338   139.779028
13.431338   150.835733
13.446338   162.401599
13.461338   170.772741
13.476338   --undefined--
13.491338   --undefined--
13.506338   --undefined--
13.521338   --undefined--
13.536338   --undefined--
END PITCH
0.0829953635261198	2N
Time_s   F0_Hz
14.118328   --undefined--
14.133328   --undefined--
14.148328   --undefined--
14.163328   --undefined--
14.178328   --undefined--
14.193328   133.500964
END PITCH
0.19245137490735154	4Y
Time_s   F0_Hz
14.203560   141.563729
14.218560   146.371594
14.233560   151.237112
14.248560   --undefined--
14.263560   --undefined--
14.278560   --undefined--
14.293560   194.877383
14.308560   193.830458
14.323560   185.075932
14.338560   178.481273
14.353560   173.195176
14.368560   169.096653
14.383560   169.024619
END PITCH
0.17508941376284604	3Y
Time_s   F0_Hz
14.394836   170.396036
14.409836   170.827396
14.424836   171.579616
14.439836   170.668756
14.454836   168.566108
14.469836   163.056106
14.484836   152.389741
14.499836   138.171756
14.514836   132.862063
14.529836   129.321543
14.544836   --undefined--
14.559836   --undefined--
END PITCH
0.2076335639754756	1N
Time_s   F0_Hz
14.571196   --undefined--
14.586196   --undefined--
14.601196   --undefined--
14.616196   --undefined--
14.631196   174.775637
14.646196   167.634310
14.661196   160.506752
14.676196   161.544378
14.691196   163.325211
14.706196   165.527975
14.721196   170.826182
14.736196   171.719326
14.751196   167.947285
14.766196   165.314583
END PITCH
0.20583028382820778	4Y
Time_s   F0_Hz
14.777931   --undefined--
14.792931   --undefined--
14.807931   --undefined--
14.822931   --undefined--
14.837931   --undefined--
14.852931   --undefined--
14.867931   184.646699
14.882931   200.061115
14.897931   194.900522
14.912931   181.294255
14.927931   166.676856
14.942931   160.667272
14.957931   159.892196
14.972931   156.974855
END PITCH
0.2079999999999984	2N
Time_s   F0_Hz
14.984847   --undefined--
14.999847   --undefined--
15.014847   --undefined--
15.029847   --undefined--
15.044847   165.443936
15.059847   157.644918
15.074847   150.212822
15.089847   145.322318
15.104847   146.651415
15.119847   146.744633
15.134847   144.238353
15.149847   146.342563
15.164847   --undefined--
15.179847   --undefined--
END PITCH
0.1280000000000001	4Y
Time_s   F0_Hz
15.190340   --undefined--
15.205340   201.351066
15.220340   196.267935
15.235340   193.265172
15.250340   188.775722
15.265340   184.085851
15.280340   179.392927
15.295340   172.829617
15.310340   175.332305
END PITCH
0.19482639602767193	1N
Time_s   F0_Hz
15.321746   177.433966
15.336746   179.472713
15.351746   185.284073
15.366746   177.269536
15.381746   169.224579
15.396746   166.519943
15.411746   167.564932
15.426746   169.265677
15.441746   173.231691
15.456746   173.123696
15.471746   169.344271
15.486746   164.543643
15.501746   177.162212
END PITCH
0.14306086246476646	3Y
Time_s   F0_Hz
15.513192   183.196827
15.528192   183.772909
15.543192   165.187729
15.558192   149.396859
15.573192   142.083389
15.588192   139.923787
15.603192   133.324414
15.618192   128.056374
15.633192   123.976833
15.648192   121.975013
END PITCH
0.2061127415075621	2N
Time_s   F0_Hz
15.657783   123.107769
15.672783   126.024022
15.687783   126.950257
15.702783   129.804373
15.717783   130.064518
15.732783   129.807477
15.747783   133.712740
15.762783   140.759969
15.777783   146.146220
15.792783   150.199483
15.807783   154.425648
15.822783   159.905057
15.837783   161.506038
15.852783   160.473661
END PITCH
0.18636257100657616	4N
Time_s   F0_Hz
15.861519   --undefined--
15.876519   --undefined--
15.891519   --undefined--
15.906519   211.031390
15.921519   221.785582
15.936519   225.210826
15.951519   217.961445
15.966519   200.215414
15.981519   193.214736
15.996519   186.925838
16.011519   180.506372
16.026519   173.149787
16.041519   164.514206
END PITCH
0.32242074973402524	4Y
Time_s   F0_Hz
16.048407   162.670133
16.063407   167.142294
16.078407   176.533400
16.093407   170.294919
16.108407   --undefined--
16.123407   --undefined--
16.138407   --undefined--
16.153407   --undefined--
16.168407   --undefined--
16.183407   --undefined--
16.198407   --undefined--
16.213407   --undefined--
16.228407   150.884029
16.243407   140.179269
16.258407   132.972777
16.273407   130.710281
16.288407   --undefined--
16.303407   139.094973
16.318407   141.393039
16.333407   144.691958
16.348407   143.558619
16.363407   --undefined--
END PITCH
0.12936381519656592	2Y
Time_s   F0_Hz
16.469649   --undefined--
16.484649   --undefined--
16.499649   --undefined--
16.514649   --undefined--
16.529649   163.754190
16.544649   153.012794
16.559649   146.477844
16.574649   144.679967
16.589649   147.070718
END PITCH
0.1440000000000019	1Y
Time_s   F0_Hz
16.598838   147.089278
16.613838   184.273650
16.628838   184.304753
16.643838   181.066697
16.658838   178.347032
16.673838   176.181624
16.688838   172.228507
16.703838   165.268256
16.718838   166.001509
16.733838   170.209144
END PITCH
0.17593293176945224	4Y
Time_s   F0_Hz
16.743804   178.171812
16.758804   194.832411
16.773804   190.019927
16.788804   182.438066
16.803804   169.002717
16.818804   164.505750
16.833804   162.198925
16.848804   160.288933
16.863804   164.419729
16.878804   --undefined--
16.893804   --undefined--
16.908804   --undefined--
END PITCH
0.11206706823054802	3Y
Time_s   F0_Hz
16.917806   --undefined--
16.932806   --undefined--
16.947806   154.701234
16.962806   148.042700
16.977806   143.270006
16.992806   140.953427
17.007806   136.883012
17.022806   135.388099
END PITCH
0.1505670524137237	4Y
Time_s   F0_Hz
17.026633   --undefined--
17.041633   --undefined--
17.056633   --undefined--
17.071633   --undefined--
17.086633   146.540887
17.101633   146.993832
17.116633   149.066968
17.131633   153.538059
17.146633   157.663101
17.161633   156.683919
17.176633   --undefined--
END PITCH
0.17081894025643507	4Y
Time_s   F0_Hz
17.179824   --undefined--
17.194824   --undefined--
17.209824   --undefined--
17.224824   --undefined--
17.239824   241.777310
17.254824   236.169338
17.269824   227.995444
17.284824   217.440096
17.299824   206.678914
17.314824   199.081891
17.329824   193.522849
17.344824   189.951432
END PITCH
0.12661400732984163	1N
Time_s   F0_Hz
17.351032   189.990589
17.366032   193.841604
17.381032   206.294675
17.396032   202.825888
17.411032   196.796390
17.426032   191.166300
17.441032   186.509205
17.456032   182.659572
17.471032   180.611831
END PITCH
0.10612679876955156	5Y
Time_s   F0_Hz
17.474904   181.153112
17.489904   184.751150
17.504904   185.985997
17.519904   185.445588
17.534904   183.361159
17.549904   180.226452
17.564904   177.422439
17.579904   176.219086
END PITCH
0.1644132299968213	2N
Time_s   F0_Hz
17.587676   173.686076
17.602676   169.096937
17.617676   166.885364
17.632676   161.784480
17.647676   153.087919
17.662676   146.583306
17.677676   146.823566
17.692676   148.774804
17.707676   154.799386
17.722676   166.270960
17.737676   173.287398
END PITCH
0.17468115007727647	2N
Time_s   F0_Hz
17.749722   181.993621
17.764722   191.398025
17.779722   190.170256
17.794722   189.460893
17.809722   184.539669
17.824722   176.948648
17.839722   174.015428
17.854722   178.152199
17.869722   184.560796
17.884722   186.933082
17.899722   186.650741
17.914722   189.980548
END PITCH
0.1533690332560873	1Y
Time_s   F0_Hz
17.921247   190.150328
17.936247   188.505331
17.951247   --undefined--
17.966247   --undefined--
17.981247   --undefined--
17.996247   --undefined--
18.011247   --undefined--
18.026247   217.914145
18.041247   220.829115
18.056247   214.862370
18.071247   196.568551
END PITCH
0.09608565389424584	2Y
Time_s   F0_Hz
18.075975   192.007981
18.090975   182.839326
18.105975   163.870118
18.120975   156.449779
18.135975   151.292466
18.150975   146.337199
18.165975   146.296335
END PITCH
0.08457952585346007	3Y
Time_s   F0_Hz
18.173815   145.361877
18.188815   144.824334
18.203815   149.148681
18.218815   155.365796
18.233815   169.604415
18.248815   171.711609
END PITCH
0.0918151803878331	4Y
Time_s   F0_Hz
18.254512   171.747447
18.269512   175.021436
18.284512   187.909364
18.299512   196.878979
18.314512   198.020433
18.329512   197.560404
18.344512   193.711163
END PITCH
0.16014275649040854	3Y
Time_s   F0_Hz
18.350488   192.311965
18.365488   188.902556
18.380488   188.617273
18.395488   --undefined--
18.410488   --undefined--
18.425488   186.551812
18.440488   181.656689
18.455488   184.268053
18.470488   189.952698
18.485488   190.177748
18.500488   187.401524
END PITCH
0.1516018094775866	3N
Time_s   F0_Hz
18.506361   186.359319
18.521361   185.957646
18.536361   189.747872
18.551361   186.095986
18.566361   192.274625
18.581361   179.604619
18.596361   166.173567
18.611361   156.870775
18.626361   156.878105
18.641361   155.122231
18.656361   157.359301
END PITCH
0.13665515220514735	4Y
Time_s   F0_Hz
18.657988   157.512492
18.672988   155.202952
18.687988   184.472299
18.702988   178.222272
18.717988   --undefined--
18.732988   --undefined--
18.747988   --undefined--
18.762988   --undefined--
18.777988   --undefined--
18.792988   --undefined--
END PITCH
0.1205297095915796	4Y
Time_s   F0_Hz
18.794070   --undefined--
18.809070   --undefined--
18.824070   --undefined--
18.839070   --undefined--
18.854070   244.630919
18.869070   235.693730
18.884070   225.230716
18.899070   212.263409
18.914070   201.561769
END PITCH
0.16000000000000014	1N
Time_s   F0_Hz
18.919331   203.945804
18.934331   227.669248
18.949331   231.399712
18.964331   224.162490
18.979331   223.049960
18.994331   222.463761
19.009331   223.387949
19.024331   224.926809
19.039331   225.295025
19.054331   228.362040
19.069331   226.485929
END PITCH
0.16000000000000014	1Y
Time_s   F0_Hz
19.079331   221.568498
19.094331   213.915933
19.109331   222.559442
19.124331   217.218248
19.139331   204.706293
19.154331   196.410127
19.169331   190.088888
19.184331   184.689674
19.199331   182.202197
19.214331   165.606885
19.229331   165.321738
END PITCH
0.1440000000000019	2Y
Time_s   F0_Hz
19.238838   165.060538
19.253838   164.062367
19.268838   158.623833
19.283838   154.879493
19.298838   151.457691
19.313838   150.850869
19.328838   156.367848
19.343838   162.777531
19.358838   167.528509
19.373838   175.463230
END PITCH
0.1280000000000001	4Y
Time_s   F0_Hz
19.382347   182.119390
19.397347   198.767647
19.412347   205.524131
19.427347   212.367163
19.442347   212.351904
19.457347   205.291001
19.472347   197.562957
19.487347   195.966019
19.502347   194.196215
END PITCH
0.160835790083933	4N
Time_s   F0_Hz
19.511757   194.620706
19.526757   206.861483
19.541757   246.401704
19.556757   241.315303
19.571757   241.086092
19.586757   241.202164
19.601757   235.951971
19.616757   227.238424
19.631757   222.482758
19.646757   218.918953
19.661757   212.938730
END PITCH
0.1431642099160655	5Y
Time_s   F0_Hz
19.671253   207.453978
19.686253   197.865309
19.701253   188.582258
19.716253   171.322236
19.731253   162.435097
19.746253   164.253524
19.761253   150.336838
19.776253   148.393828
19.791253   149.432847
19.806253   --undefined--
END PITCH
0.10120760507525972	2N
Time_s   F0_Hz
20.628299   --undefined--
20.643299   78.372715
20.658299   76.299913
20.673299   78.109401
20.688299   81.602871
20.703299   84.227015
20.718299   85.680867
END PITCH
0.06243197925488886	4Y
Time_s   F0_Hz
20.725125   172.052590
20.740125   169.287300
20.755125   164.254392
20.770125   163.635104
20.785125   160.996277
END PITCH
0.11200000000000188	4Y
Time_s   F0_Hz
20.789847   --undefined--
20.804847   --undefined--
20.819847   207.501466
20.834847   203.926571
20.849847   202.960872
20.864847   203.846426
20.879847   207.307898
20.894847   208.451205
END PITCH
0.13559733232774818	4Y
Time_s   F0_Hz
21.109756   282.057024
21.124756   270.837702
21.139756   250.223744
21.154756   235.262629
21.169756   220.279920
21.184756   208.457528
21.199756   201.664959
21.214756   197.786348
21.229756   191.718154
21.244756   186.002487
END PITCH
0.14928186568806368	4N
Time_s   F0_Hz
21.252194   --undefined--
21.267194   --undefined--
21.282194   --undefined--
21.297194   --undefined--
21.312194   --undefined--
21.327194   247.481699
21.342194   241.981906
21.357194   230.402584
21.372194   218.668850
21.387194   209.365919
END PITCH
0.1440000000000019	5Y
Time_s   F0_Hz
21.398838   207.294913
21.413838   204.201420
21.428838   198.516153
21.443838   193.460416
21.458838   183.816396
21.473838   175.352237
21.488838   169.260007
21.503838   170.076899
21.518838   169.557010
21.533838   --undefined--
END PITCH
0.19041495684945886	1N
Time_s   F0_Hz
21.543549   --undefined--
21.558549   --undefined--
21.573549   --undefined--
21.588549   --undefined--
21.603549   --undefined--
21.618549   --undefined--
21.633549   225.158715
21.648549   216.228517
21.663549   208.268543
21.678549   208.954744
21.693549   205.212936
21.708549   200.317300
21.723549   194.917335
END PITCH
0.13976288319916463	1N
Time_s   F0_Hz
21.731139   194.007733
21.746139   195.485785
21.761139   195.767740
21.776139   196.159519
21.791139   194.269677
21.806139   191.922930
21.821139   192.812374
21.836139   190.885024
21.851139   187.625902
21.866139   180.489229
END PITCH
0.1445822929646532	2N
Time_s   F0_Hz
21.873316   173.368794
21.888316   164.612096
21.903316   155.728923
21.918316   146.534321
21.933316   142.483037
21.948316   142.748853
21.963316   142.325219
21.978316   147.533927
21.993316   149.178456
22.008316   155.699431
END PITCH
0.14217258808191247	5Y
Time_s   F0_Hz
22.016695   80.631787
22.031695   83.309752
22.046695   84.973828
22.061695   86.046660
22.076695   85.187506
22.091695   84.218300
22.106695   84.294500
22.121695   83.718780
22.136695   84.308795
22.151695   83.258905
END PITCH
0.14574610919879305	4Y
Time_s   F0_Hz
22.885969   --undefined--
22.900969   --undefined--
22.915969   --undefined--
22.930969   258.740300
22.945969   259.446153
22.960969   260.609098
22.975969   249.098970
22.990969   229.854469
23.005969   242.818096
23.020969   250.931384
END PITCH
0.16019543342454767	4Y
Time_s   F0_Hz
23.031440   --undefined--
23.046440   250.478334
23.061440   248.193598
23.076440   249.680059
23.091440   331.316353
23.106440   347.883294
23.121440   344.083239
23.136440   332.679563
23.151440   322.481404
23.166440   317.677774
23.181440   313.475374
END PITCH
0.1598045665754526	4Y
Time_s   F0_Hz
23.191440   309.725445
23.206440   303.811859
23.221440   295.074579
23.236440   292.289701
23.251440   289.392820
23.266440   284.122594
23.281440   270.080431
23.296440   260.619774
23.311440   260.669647
23.326440   265.878893
23.341440   264.434655
END PITCH
0.1775541170087429	2Y
Time_s   F0_Hz
23.352625   263.522459
23.367625   239.140092
23.382625   215.415540
23.397625   201.492617
23.412625   191.332925
23.427625   182.610971
23.442625   174.913303
23.457625   184.825097
23.472625   194.095285
23.487625   197.916411
23.502625   198.549415
23.517625   195.440216
END PITCH
0.3824458829912558	4N
Time_s   F0_Hz
23.527625   193.360374
23.542625   194.995583
23.557625   195.853744
23.572625   195.597319
23.587625   196.280087
23.602625   --undefined--
23.617625   --undefined--
23.632625   --undefined--
23.647625   288.696076
23.662625   285.284094
23.677625   270.588197
23.692625   254.213156
23.707625   244.544082
23.722625   227.489221
23.737625   205.679142
23.752625   193.114636
23.767625   184.681883
23.782625   168.475359
23.797625   171.092423
23.812625   177.817712
23.827625   174.014420
23.842625   171.920212
23.857625   172.976220
23.872625   168.617983
23.887625   166.012140
23.902625   175.229423
END PITCH
0.15491830586070776	1Y
Time_s   F0_Hz
23.908798   178.340688
23.923798   180.902604
23.938798   --undefined--
23.953798   210.461020
23.968798   201.584374
23.983798   197.660565
23.998798   197.463124
24.013798   198.098787
24.028798   200.156340
24.043798   197.410863
24.058798   193.078098
END PITCH
0.28675488104656566	4Y
Time_s   F0_Hz
24.062126   192.829628
24.077126   189.734636
24.092126   190.737974
24.107126   --undefined--
24.122126   --undefined--
24.137126   --undefined--
24.152126   --undefined--
24.167126   --undefined--
24.182126   209.100865
24.197126   199.034236
24.212126   193.134054
24.227126   187.586117
24.242126   181.982839
24.257126   176.558339
24.272126   175.733792
24.287126   174.244635
24.302126   171.688771
24.317126   170.677685
24.332126   168.981850
24.347126   168.349488
END PITCH
0.15032681309272888	4Y
Time_s   F0_Hz
24.348175   168.372503
24.363175   168.093605
24.378175   168.989859
24.393175   168.403713
24.408175   166.130246
24.423175   164.840564
24.438175   164.188758
24.453175   163.988340
24.468175   164.318568
24.483175   160.843111
24.498175   159.211734
END PITCH
0.15088629725030245	4Y
Time_s   F0_Hz
24.498787   159.383841
24.513787   171.561020
24.528787   170.473146
24.543787   169.017105
24.558787   167.508225
24.573787   164.416106
24.588787   162.992722
24.603787   162.089660
24.618787   161.453318
24.633787   158.751298
24.648787   149.680126
END PITCH
0.24911370274969613	1N
Time_s   F0_Hz
24.653787   144.949298
24.668787   146.493531
24.683787   149.269586
24.698787   --undefined--
24.713787   --undefined--
24.728787   --undefined--
24.743787   203.957918
24.758787   198.770260
24.773787   194.226337
24.788787   191.416210
24.803787   187.810992
24.818787   187.255066
24.833787   186.593220
24.848787   184.669032
24.863787   182.235309
24.878787   179.907026
24.893787   178.145507
END PITCH
0.18222347126152272	3N
Time_s   F0_Hz
24.899456   177.638130
24.914456   178.410517
24.929456   178.182311
24.944456   174.392519
24.959456   167.140001
24.974456   160.814243
24.989456   157.168564
25.004456   151.105421
25.019456   148.548983
25.034456   142.176282
25.049456   138.518742
25.064456   140.624998
25.079456   141.576641
END PITCH
0.22651225897795868	1Y
Time_s   F0_Hz
25.081321   --undefined--
25.096321   --undefined--
25.111321   --undefined--
25.126321   --undefined--
25.141321   --undefined--
25.156321   --undefined--
25.171321   --undefined--
25.186321   --undefined--
25.201321   --undefined--
25.216321   189.552738
25.231321   170.474788
25.246321   151.885139
25.261321   149.064335
25.276321   143.098165
25.291321   147.234943
25.306321   142.280594
END PITCH
0.23360440581494046	5Y
Time_s   F0_Hz
25.311378   140.393191
25.326378   139.292685
25.341378   --undefined--
25.356378   --undefined--
25.371378   --undefined--
25.386378   --undefined--
25.401378   --undefined--
25.416378   --undefined--
25.431378   --undefined--
25.446378   --undefined--
25.461378   --undefined--
25.476378   --undefined--
25.491378   --undefined--
25.506378   --undefined--
END PITCH
