#Each entry contains the duration of a syllable (in seconds), an optional label, and a pitch time series.
0.7306206412804965	4Y
Time_s   F0_Hz
0.315669   --undefined--
0.330669   --undefined--
0.345669   --undefined--
0.360669   --undefined--
0.375669   253.624359
0.390669   245.120207
0.405669   241.001229
0.420669   238.941851
0.435669   234.709809
0.450669   230.937167
0.465669   228.147156
0.480669   225.102209
0.495669   222.197275
0.510669   219.051583
0.525669   216.404994
0.540669   214.066511
0.555669   211.440736
0.570669   208.994090
0.585669   206.355535
0.600669   203.460085
0.615669   202.818290
0.630669   201.526488
0.645669   200.808790
0.660669   198.744727
0.675669   195.680060
0.690669   193.298827
0.705669   191.941855
0.720669   190.195329
0.735669   189.083916
0.750669   186.954275
0.765669   184.749786
0.780669   184.619824
0.795669   184.354893
0.810669   183.325766
0.825669   182.661400
0.840669   182.290785
0.855669   182.184008
0.870669   181.604844
0.885669   181.098904
0.900669   181.210155
0.915669   181.561442
0.930669   181.948838
0.945669   182.706907
0.960669   183.891033
0.975669   184.419981
0.990669   183.921203
1.005669   184.836778
1.020669   184.023213
1.035669   180.158099
END PITCH
0.251783943586954	2N
Time_s   F0_Hz
1.046871   176.947110
1.061871   175.928714
1.076871   --undefined--
1.091871   --undefined--
1.106871   --undefined--
1.121871   --undefined--
1.136871   --undefined--
1.151871   --undefined--
1.166871   197.242393
1.181871   198.515122
1.196871   192.632321
1.211871   193.224411
1.226871   194.572082
1.241871   195.871760
1.256871   197.226798
1.271871   199.240428
1.286871   199.985257
END PITCH
0.14759748417166296	3Y
Time_s   F0_Hz
1.299065   199.451826
1.314065   198.443907
1.329065   196.296394
1.344065   193.396260
1.359065   188.527465
1.374065   180.059772
1.389065   173.166665
1.404065   169.280733
1.419065   165.961192
1.434065   162.450973
END PITCH
0.23007843120876825	5N
Time_s   F0_Hz
1.442908   161.283529
1.457908   160.521737
1.472908   160.551371
1.487908   158.613660
1.502908   157.306092
1.517908   155.688128
1.532908   155.246873
1.547908   154.776609
1.562908   154.069289
1.577908   154.456205
1.592908   153.801551
1.607908   153.532821
1.622908   152.518843
1.637908   151.848744
1.652908   152.653867
1.667908   151.632073
END PITCH
0.5903899366866507	1Y
Time_s   F0_Hz
1.673146   151.380421
1.688146   156.170004
1.703146   --undefined--
1.718146   --undefined--
1.733146   --undefined--
1.748146   --undefined--
1.763146   --undefined--
1.778146   --undefined--
1.793146   179.173378
1.808146   184.671582
1.823146   186.794536
1.838146   184.358671
1.853146   182.945542
1.868146   181.956884
1.883146   181.319349
1.898146   180.792440
1.913146   181.450625
1.928146   181.530336
1.943146   181.627205
1.958146   181.700219
1.973146   181.904936
1.988146   181.400541
2.003146   180.324103
2.018146   180.611582
2.033146   180.269429
2.048146   179.016227
2.063146   179.398244
2.078146   179.894194
2.093146   179.601643
2.108146   179.152061
2.123146   180.186806
2.138146   180.172465
2.153146   179.652615
2.168146   180.563783
2.183146   180.076766
2.198146   178.548475
2.213146   178.832836
2.228146   183.377244
2.243146   185.230411
2.258146   177.697162
END PITCH
0.1636581651346587	2N
Time_s   F0_Hz
3.309195   --undefined--
3.324195   --undefined--
3.339195   --undefined--
3.354195   --undefined--
3.369195   185.319281
3.384195   177.094348
3.399195   174.904548
3.414195   176.964076
3.429195   179.093517
3.444195   179.637337
3.459195   179.748984
END PITCH
0.11286866436656551	3Y
Time_s   F0_Hz
3.469960   178.625546
3.484960   175.707885
3.499960   170.806932
3.514960   164.843893
3.529960   158.870183
3.544960   154.831309
3.559960   149.698049
3.574960   142.190026
END PITCH
0.1074731704987757	5N
Time_s   F0_Hz
3.580130   140.556273
3.595130   142.433044
3.610130   141.871068
3.625130   142.592036
3.640130   143.604389
3.655130   144.528622
3.670130   142.057704
3.685130   137.799440
END PITCH
0.5306688934198838	1Y
Time_s   F0_Hz
3.689201   --undefined--
3.704201   --undefined--
3.719201   --undefined--
3.734201   --undefined--
3.749201   --undefined--
3.764201   168.209220
3.779201   169.222467
3.794201   168.234931
3.809201   167.684874
3.824201   167.665026
3.839201   167.191129
3.854201   166.696508
3.869201   166.352158
3.884201   166.063855
3.899201   165.379887
3.914201   165.704244
3.929201   165.499514
3.944201   165.725795
3.959201   165.159393
3.974201   164.960327
3.989201   163.896209
4.004201   164.478509
4.019201   164.281039
4.034201   164.154119
4.049201   162.528032
4.064201   161.924013
4.079201   160.652139
4.094201   160.165502
4.109201   161.149282
4.124201   161.952942
4.139201   163.113288
4.154201   164.123505
4.169201   165.847772
4.184201   165.483524
4.199201   167.114024
4.214201   167.863810
END PITCH
0.8453311065801161	3N
Time_s   F0_Hz
4.219694   --undefined--
4.234694   --undefined--
4.249694   --undefined--
4.264694   --undefined--
4.279694   --undefined--
4.294694   --undefined--
4.309694   --undefined--
4.324694   172.501189
4.339694   168.381339
4.354694   165.949140
4.369694   163.258271
4.384694   160.190408
4.399694   157.100152
4.414694   154.786439
4.429694   152.635575
4.444694   149.980388
4.459694   146.859971
4.474694   145.556594
4.489694   146.073874
4.504694   145.788387
4.519694   145.151237
4.534694   143.869870
4.549694   141.979188
4.564694   139.201134
4.579694   139.368207
4.594694   139.870579
4.609694   142.090685
4.624694   143.967572
4.639694   144.661918
4.654694   145.008596
4.669694   145.607385
4.684694   143.301631
4.699694   --undefined--
4.714694   --undefined--
4.729694   --undefined--
4.744694   54.234110
4.759694   53.687905
4.774694   53.985165
4.789694   54.772604
4.804694   55.629031
4.819694   55.514947
4.834694   54.578176
4.849694   54.941624
4.864694   55.107889
4.879694   53.902548
4.894694   53.704807
4.909694   --undefined--
4.924694   --undefined--
4.939694   --undefined--
4.954694   --undefined--
4.969694   --undefined--
4.984694   --undefined--
4.999694   --undefined--
5.014694   --undefined--
5.029694   --undefined--
5.044694   --undefined--
5.059694   --undefined--
END PITCH
0.5032567977173752	1Y
Time_s   F0_Hz
5.066491   --undefined--
5.081491   --undefined--
5.096491   --undefined--
5.111491   --undefined--
5.126491   --undefined--
5.141491   --undefined--
5.156491   --undefined--
5.171491   --undefined--
5.186491   --undefined--
5.201491   --undefined--
5.216491   --undefined--
5.231491   --undefined--
5.246491   --undefined--
5.261491   --undefined--
5.276491   --undefined--
5.291491   --undefined--
5.306491   --undefined--
5.321491   --undefined--
5.336491   236.190163
5.351491   227.925542
5.366491   227.848356
5.381491   230.013036
5.396491   231.256217
5.411491   232.222243
5.426491   231.453196
5.441491   228.625212
5.456491   223.316198
5.471491   218.519059
5.486491   216.542032
5.501491   218.380991
5.516491   --undefined--
5.531491   --undefined--
5.546491   --undefined--
5.561491   --undefined--
END PITCH
0.32992378814842294	4N
Time_s   F0_Hz
5.573090   --undefined--
5.588090   --undefined--
5.603090   --undefined--
5.618090   --undefined--
5.633090   --undefined--
5.648090   --undefined--
5.663090   --undefined--
5.678090   --undefined--
5.693090   --undefined--
5.708090   --undefined--
5.723090   --undefined--
5.738090   --undefined--
5.753090   --undefined--
5.768090   --undefined--
5.783090   200.407669
5.798090   194.067076
5.813090   183.139488
5.828090   178.324879
5.843090   175.160167
5.858090   --undefined--
5.873090   --undefined--
5.888090   --undefined--
END PITCH
0.3689937104291561	4N
Time_s   F0_Hz
5.900045   --undefined--
5.915045   --undefined--
5.930045   --undefined--
5.945045   --undefined--
5.960045   --undefined--
5.975045   --undefined--
5.990045   --undefined--
6.005045   --undefined--
6.020045   --undefined--
6.035045   170.111793
6.050045   174.179607
6.065045   176.212029
6.080045   174.406312
6.095045   170.723164
6.110045   167.161528
6.125045   162.347301
6.140045   156.602341
6.155045   152.993888
6.170045   150.802241
6.185045   149.051279
6.200045   147.640642
6.215045   149.243453
6.230045   150.358862
6.245045   149.632673
6.260045   149.954285
END PITCH
0.45141713970572717	2N
Time_s   F0_Hz
6.265249   149.980165
6.280249   --undefined--
6.295249   --undefined--
6.310249   --undefined--
6.325249   --undefined--
6.340249   --undefined--
6.355249   --undefined--
6.370249   --undefined--
6.385249   --undefined--
6.400249   --undefined--
6.415249   --undefined--
6.430249   73.752667
6.445249   71.480730
6.460249   69.391048
6.475249   68.082442
6.490249   68.839300
6.505249   70.350857
6.520249   145.919113
6.535249   149.575859
6.550249   152.659545
6.565249   154.539923
6.580249   158.022263
6.595249   161.583355
6.610249   164.132748
6.625249   165.319917
6.640249   164.349525
6.655249   161.561652
6.670249   160.025323
6.685249   161.938958
6.700249   164.544499
6.715249   160.076603
END PITCH
0.20960123226619132	4N
Time_s   F0_Hz
9.261672   --undefined--
9.276672   --undefined--
9.291672   --undefined--
9.306672   --undefined--
9.321672   --undefined--
9.336672   200.984744
9.351672   193.065860
9.366672   184.535128
9.381672   181.321942
9.396672   180.154144
9.411672   178.932555
9.426672   179.748804
9.441672   180.974873
9.456672   182.126208
END PITCH
0.20837291883058207	4N
Time_s   F0_Hz
9.470652   181.634719
9.485652   180.656397
9.500652   179.849096
9.515652   177.164351
9.530652   173.643759
9.545652   169.815523
9.560652   164.783656
9.575652   160.064859
9.590652   155.835502
9.605652   154.341850
9.620652   152.950592
9.635652   151.940676
9.650652   152.169592
9.665652   155.874986
END PITCH
0.43921603856551705	2N
Time_s   F0_Hz
9.674450   --undefined--
9.689450   --undefined--
9.704450   --undefined--
9.719450   --undefined--
9.734450   --undefined--
9.749450   --undefined--
9.764450   158.581092
9.779450   155.390897
9.794450   154.262279
9.809450   154.110455
9.824450   153.348883
9.839450   152.761325
9.854450   153.086500
9.869450   153.529641
9.884450   153.798167
9.899450   154.416199
9.914450   155.537258
9.929450   156.709923
9.944450   158.225541
9.959450   159.279911
9.974450   159.875943
9.989450   160.302434
10.004450   161.064214
10.019450   161.584522
10.034450   162.991627
10.049450   165.038735
10.064450   168.268772
10.079450   170.534160
10.094450   172.128034
10.109450   168.819759
END PITCH
0.5508098103377108	2N
Time_s   F0_Hz
10.116961   165.750650
10.131961   162.360197
10.146961   163.415129
10.161961   --undefined--
10.176961   --undefined--
10.191961   --undefined--
10.206961   --undefined--
10.221961   --undefined--
10.236961   --undefined--
10.251961   168.224244
10.266961   168.203390
10.281961   163.485564
10.296961   156.169665
10.311961   149.900011
10.326961   145.070330
10.341961   140.759646
10.356961   139.497398
10.371961   138.769897
10.386961   136.799951
10.401961   136.257497
10.416961   135.125322
10.431961   134.134212
10.446961   133.328834
10.461961   133.453295
10.476961   132.874918
10.491961   132.355618
10.506961   131.786023
10.521961   131.678355
10.536961   130.454169
10.551961   129.529044
10.566961   129.882371
10.581961   131.733304
10.596961   132.218039
10.611961   132.021370
10.626961   129.414716
10.641961   --undefined--
10.656961   --undefined--
END PITCH
0.22348757657460183	4Y
Time_s   F0_Hz
11.229626   --undefined--
11.244626   164.078309
11.259626   163.670299
11.274626   162.323298
11.289626   159.056272
11.304626   157.699018
11.319626   157.263093
11.334626   156.369382
11.349626   156.105894
11.364626   155.474720
11.379626   153.785427
11.394626   149.248578
11.409626   --undefined--
11.424626   --undefined--
11.439626   --undefined--
END PITCH
0.6239999999999988	5Y
Time_s   F0_Hz
11.450867   --undefined--
11.465867   --undefined--
11.480867   --undefined--
11.495867   --undefined--
11.510867   148.237591
11.525867   143.774990
11.540867   141.470468
11.555867   140.038966
11.570867   138.683486
11.585867   136.933385
11.600867   135.969370
11.615867   135.435295
11.630867   134.933444
11.645867   133.382235
11.660867   132.686211
11.675867   131.273993
11.690867   130.283055
11.705867   129.353001
11.720867   127.944705
11.735867   126.380227
11.750867   124.671689
11.765867   123.357827
11.780867   122.405080
11.795867   122.342663
11.810867   --undefined--
11.825867   --undefined--
11.840867   --undefined--
11.855867   --undefined--
11.870867   --undefined--
11.885867   --undefined--
11.900867   --undefined--
11.915867   --undefined--
11.930867   --undefined--
11.945867   --undefined--
11.960867   --undefined--
11.975867   --undefined--
11.990867   --undefined--
12.005867   --undefined--
12.020867   --undefined--
12.035867   --undefined--
12.050867   --undefined--
12.065867   --undefined--
END PITCH
0.10597372579910669	1N
Time_s   F0_Hz
12.070856   --undefined--
12.085856   --undefined--
12.100856   --undefined--
12.115856   --undefined--
12.130856   187.889081
12.145856   183.166655
12.160856   182.148560
12.175856   181.463199
END PITCH
0.17798520150112296	4N
Time_s   F0_Hz
12.182840   184.271508
12.197840   190.590418
12.212840   192.495989
12.227840   195.582360
12.242840   195.748454
12.257840   189.674316
12.272840   183.769307
12.287840   178.806379
12.302840   173.860698
12.317840   167.826307
12.332840   161.730747
12.347840   156.236386
END PITCH
0.442792452514988	2N
Time_s   F0_Hz
12.358226   155.371354
12.373226   151.154248
12.388226   147.421104
12.403226   142.533735
12.418226   140.600778
12.433226   139.904066
12.448226   139.383646
12.463226   135.157997
12.478226   133.770578
12.493226   131.866217
12.508226   131.050408
12.523226   132.444984
12.538226   136.037134
12.553226   138.775744
12.568226   140.761729
12.583226   144.073373
12.598226   146.272981
12.613226   148.493314
12.628226   151.445365
12.643226   155.153923
12.658226   156.941296
12.673226   159.136274
12.688226   161.757847
12.703226   164.350721
12.718226   166.017264
12.733226   167.054199
12.748226   168.326909
12.763226   168.890897
12.778226   165.129383
12.793226   168.361782
END PITCH
0.31953655182737783	4Y
Time_s   F0_Hz
13.400629   --undefined--
13.415629   --undefined--
13.430629   --undefined--
13.445629   --undefined--
13.460629   --undefined--
13.475629   --undefined--
13.490629   --undefined--
13.505629   228.825026
13.520629   216.292185
13.535629   201.517335
13.550629   196.176317
13.565629   187.629022
13.580629   177.549495
13.595629   172.242765
13.610629   167.660151
13.625629   161.944049
13.640629   156.233127
13.655629   153.591220
13.670629   153.198760
13.685629   153.183954
13.700629   153.115962
13.715629   152.680667
END PITCH
0.22446344817262265	4Y
Time_s   F0_Hz
13.725125   --undefined--
13.740125   --undefined--
13.755125   --undefined--
13.770125   --undefined--
13.785125   --undefined--
13.800125   --undefined--
13.815125   155.337697
13.830125   151.114125
13.845125   147.868588
13.860125   144.599830
13.875125   144.266593
13.890125   144.782326
13.905125   --undefined--
13.920125   --undefined--
13.935125   --undefined--
END PITCH
0.2009645944398173	NONE
Time_s   F0_Hz
13.945346   --undefined--
13.960346   --undefined--
13.975346   172.201838
13.990346   169.346511
14.005346   166.449154
14.020346   163.073787
14.035346   159.594158
14.050346   157.450187
14.065346   155.650793
14.080346   152.805568
14.095346   149.574799
14.110346   147.844368
14.125346   148.551284
14.140346   148.134136
END PITCH
0.14325638169602506	NONE
Time_s   F0_Hz
14.147455   --undefined--
14.162455   --undefined--
14.177455   --undefined--
14.192455   --undefined--
14.207455   --undefined--
14.222455   --undefined--
14.237455   175.906929
14.252455   166.655680
14.267455   163.504306
14.282455   162.414896
END PITCH
0.11720976684220297	NONE
Time_s   F0_Hz
14.292681   163.149766
14.307681   164.772834
14.322681   166.799238
14.337681   169.004534
14.352681   170.629864
14.367681   172.515400
14.382681   174.756929
14.397681   173.883838
END PITCH
0.30656925702195537	2N
Time_s   F0_Hz
14.407075   172.268799
14.422075   168.943298
14.437075   167.842667
14.452075   162.435416
14.467075   156.367292
14.482075   153.874387
14.497075   151.941587
14.512075   151.287417
14.527075   151.657983
14.542075   152.227411
14.557075   153.108127
14.572075   154.767238
14.587075   157.565361
14.602075   161.663390
14.617075   165.464347
14.632075   167.368672
14.647075   168.238266
14.662075   166.785030
14.677075   163.168340
14.692075   161.775217
14.707075   159.187430
END PITCH
0.240000000000002	3Y
Time_s   F0_Hz
14.725363   --undefined--
14.740363   --undefined--
14.755363   --undefined--
14.770363   --undefined--
14.785363   151.292022
14.800363   143.762523
14.815363   136.519704
14.830363   130.737037
14.845363   124.835723
14.860363   116.097255
14.875363   112.123786
14.890363   --undefined--
14.905363   --undefined--
14.920363   --undefined--
14.935363   --undefined--
14.950363   --undefined--
END PITCH
0.2079999999999984	NONE
Time_s   F0_Hz
14.956865   --undefined--
14.971865   --undefined--
14.986865   --undefined--
15.001865   --undefined--
15.016865   --undefined--
15.031865   --undefined--
15.046865   155.384387
15.061865   148.585970
15.076865   145.500265
15.091865   145.396113
15.106865   146.320278
15.121865   146.545384
15.136865   146.662335
15.151865   --undefined--
END PITCH
0.1440000000000019	NONE
Time_s   F0_Hz
15.162863   --undefined--
15.177863   --undefined--
15.192863   172.247788
15.207863   170.179022
15.222863   168.316431
15.237863   167.765731
15.252863   168.438687
15.267863   167.491880
15.282863   170.140054
15.297863   167.749046
END PITCH
0.2879999999999967	2N
Time_s   F0_Hz
15.303861   166.803349
15.318861   163.247331
15.333861   157.876422
15.348861   153.026084
15.363861   150.056724
15.378861   142.516414
15.393861   142.201747
15.408861   141.422224
15.423861   142.012233
15.438861   143.961703
15.453861   146.945629
15.468861   148.898163
15.483861   149.535853
15.498861   148.376482
15.513861   --undefined--
15.528861   --undefined--
15.543861   --undefined--
15.558861   --undefined--
15.573861   --undefined--
15.588861   --undefined--
END PITCH
0.16000000000000014	4Y
Time_s   F0_Hz
15.595363   --undefined--
15.610363   --undefined--
15.625363   --undefined--
15.640363   --undefined--
15.655363   --undefined--
15.670363   --undefined--
15.685363   144.885224
15.700363   140.223729
15.715363   136.948244
15.730363   134.499713
15.745363   134.850441
END PITCH
0.20800000000000196	2N
Time_s   F0_Hz
15.756865   133.866118
15.771865   134.131498
15.786865   132.907068
15.801865   132.226223
15.816865   132.721950
15.831865   133.235341
15.846865   133.925802
15.861865   135.799234
15.876865   140.170089
15.891865   142.384885
15.906865   142.656884
15.921865   --undefined--
15.936865   --undefined--
15.951865   --undefined--
END PITCH
0.6262798394410147	4Y
Time_s   F0_Hz
15.964008   --undefined--
15.979008   --undefined--
15.994008   --undefined--
16.009008   142.154651
16.024008   139.782290
16.039008   139.618055
16.054008   138.314609
16.069008   136.730120
16.084008   135.628762
16.099008   133.412244
16.114008   131.863116
16.129008   132.377651
16.144008   131.817077
16.159008   130.731484
16.174008   129.485626
16.189008   127.759367
16.204008   124.647247
16.219008   123.269992
16.234008   121.510505
16.249008   119.269726
16.264008   118.391348
16.279008   116.522919
16.294008   114.869374
16.309008   113.722803
16.324008   111.833442
16.339008   109.261710
16.354008   106.522576
16.369008   103.905915
16.384008   102.647062
16.399008   100.839262
16.414008   100.373812
16.429008   101.179122
16.444008   103.779777
16.459008   109.304161
16.474008   113.307320
16.489008   110.639588
16.504008   103.935617
16.519008   101.283082
16.534008   --undefined--
16.549008   --undefined--
16.564008   --undefined--
16.579008   --undefined--
END PITCH
0.260466148538228	1N
Time_s   F0_Hz
16.587375   --undefined--
16.602375   --undefined--
16.617375   --undefined--
16.632375   --undefined--
16.647375   --undefined--
16.662375   --undefined--
16.677375   --undefined--
16.692375   --undefined--
16.707375   163.034290
16.722375   156.422153
16.737375   149.505438
16.752375   143.187846
16.767375   141.093758
16.782375   140.781278
16.797375   140.829015
16.812375   141.537041
16.827375   140.448061
16.842375   139.453881
END PITCH
0.08248094703710507	1N
Time_s   F0_Hz
16.848849   138.625707
16.863849   141.440661
16.878849   142.660573
16.893849   140.095694
16.908849   137.073618
16.923849   135.694956
END PITCH
0.20837291883058384	2N
Time_s   F0_Hz
16.934280   134.010410
16.949280   127.482038
16.964280   124.448198
16.979280   123.662330
16.994280   123.683589
17.009280   122.340002
17.024280   121.669874
17.039280   121.447568
17.054280   121.300319
17.069280   123.575347
17.084280   128.365992
17.099280   131.698021
17.114280   136.492495
17.129280   132.777788
END PITCH
