#Each entry contains the duration of a syllable (in seconds), an optional label, and a pitch time series.
0	NONE
Time_s   F0_Hz
0   --undefined--
END PITCH
0.18760280380431651	NONE
Time_s   F0_Hz
0.247676   227.007952
0.262676   239.155091
0.277676   243.227051
0.292676   239.295920
0.307676   235.341396
0.322676   232.557972
0.337676   230.039951
0.352676   226.917617
0.367676   224.114695
0.382676   223.329136
0.397676   223.068858
0.412676   220.735857
0.427676   221.890049
END PITCH
0.1805772159709415	NONE
Time_s   F0_Hz
0.431769   225.392741
0.446769   230.423816
0.461769   234.690231
0.476769   240.575423
0.491769   249.011966
0.506769   258.409812
0.521769   266.664328
0.536769   269.438182
0.551769   263.669709
0.566769   252.567291
0.581769   241.464811
0.596769   231.917946
0.611769   217.334883
END PITCH
0.08377218938968622	NONE
Time_s   F0_Hz
0.616446   216.577343
0.631446   219.459797
0.646446   214.434233
0.661446   210.707265
0.676446   208.354199
0.691446   202.462677
END PITCH
0.18476033708000872	NONE
Time_s   F0_Hz
0.698209   200.910797
0.713209   212.603430
0.728209   225.094235
0.743209   230.175277
0.758209   234.058376
0.773209   237.533107
0.788209   240.002666
0.803209   238.603516
0.818209   238.495061
0.833209   239.839767
0.848209   239.555061
0.863209   238.995790
0.878209   239.923124
END PITCH
0.22455487122031825	NONE
Time_s   F0_Hz
0.887868   242.278311
0.902868   246.869978
0.917868   250.844483
0.932868   252.871232
0.947868   252.870524
0.962868   251.299746
0.977868   248.416853
0.992868   245.052300
1.007868   241.277027
1.022868   238.091113
1.037868   233.521633
1.052868   227.777117
1.067868   223.600038
1.082868   217.976718
1.097868   215.750131
END PITCH
0.06821920138338777	NONE
Time_s   F0_Hz
1.109252   214.856302
1.124252   210.185927
1.139252   206.586288
1.154252   204.474649
1.169252   200.096094
END PITCH
0.13359593604246767	NONE
Time_s   F0_Hz
1.180159   196.806136
1.195159   196.515395
1.210159   198.598339
1.225159   199.359663
1.240159   201.191541
1.255159   202.746402
1.270159   200.118012
1.285159   192.303599
1.300159   180.069253
END PITCH
0.2302398046689338	NONE
Time_s   F0_Hz
1.309575   172.579047
1.324575   161.550587
1.339575   --undefined--
1.354575   --undefined--
1.369575   193.288461
1.384575   198.941558
1.399575   205.659995
1.414575   216.513980
1.429575   222.153221
1.444575   227.131717
1.459575   230.805679
1.474575   232.499409
1.489575   233.562348
1.504575   232.007475
1.519575   226.476136
1.534575   215.311573
END PITCH
0.15633566983693048	NONE
Time_s   F0_Hz
1.540363   210.780801
1.555363   198.695591
1.570363   186.590213
1.585363   178.463670
1.600363   177.073841
1.615363   193.632026
1.630363   202.193494
1.645363   194.236592
1.660363   186.535857
1.675363   197.696131
1.690363   203.693363
END PITCH
0.07674660155631119	NONE
Time_s   F0_Hz
1.694405   204.979686
1.709405   208.664166
1.724405   190.645803
1.739405   190.790882
1.754405   193.434926
1.769405   188.797081
END PITCH
0.1335959360424679	NONE
Time_s   F0_Hz
1.777075   192.687164
1.792075   209.570890
1.807075   217.679947
1.822075   221.220311
1.837075   222.662816
1.852075   222.174728
1.867075   222.475030
1.882075   215.821377
1.897075   203.838093
END PITCH
0.19196880944159167	NONE
Time_s   F0_Hz
1.909864   --undefined--
1.924864   --undefined--
1.939864   --undefined--
1.954864   --undefined--
1.969864   --undefined--
1.984864   --undefined--
1.999864   --undefined--
2.014864   --undefined--
2.029864   191.974868
2.044864   188.321584
2.059864   188.401198
2.074864   188.843842
2.089864   184.779949
END PITCH
0.3041439395009373	NONE
Time_s   F0_Hz
2.097925   --undefined--
2.112925   --undefined--
2.127925   --undefined--
2.142925   --undefined--
2.157925   --undefined--
2.172925   187.474571
2.187925   187.786912
2.202925   186.669890
2.217925   186.856261
2.232925   187.408907
2.247925   187.829201
2.262925   186.709139
2.277925   184.927098
2.292925   182.039473
2.307925   180.040498
2.322925   180.367255
2.337925   182.363119
2.352925   185.805855
2.367925   190.110991
2.382925   194.072570
2.397925   196.295526
END PITCH
0.21886993777170272	NONE
Time_s   F0_Hz
2.404433   197.544735
2.419433   203.101800
2.434433   211.775571
2.449433   218.299815
2.464433   217.643221
2.479433   213.208180
2.494433   210.084998
2.509433   203.130533
2.524433   194.260101
2.539433   184.120799
2.554433   173.208650
2.569433   161.149760
2.584433   153.469552
2.599433   147.381864
2.614433   147.199664
END PITCH
0.08400164102782881	NONE
Time_s   F0_Hz
3.294178   --undefined--
3.309178   --undefined--
3.324178   176.420292
3.339178   175.518013
3.354178   173.575202
3.369178   168.710774
END PITCH
0.13075346931816023	NONE
Time_s   F0_Hz
3.379059   161.023749
3.394059   --undefined--
3.409059   --undefined--
3.424059   --undefined--
3.439059   176.302982
3.454059   187.455782
3.469059   194.619610
3.484059   200.668033
3.499059   203.633399
END PITCH
0.12791100259385235	NONE
Time_s   F0_Hz
3.508401   206.336102
3.523401   216.971382
3.538401   225.198264
3.553401   225.531994
3.568401   226.854184
3.583401   229.196522
3.598401   230.866216
3.613401   231.690429
3.628401   224.384125
END PITCH
0.22770850618876848	NONE
Time_s   F0_Hz
3.633713   219.001525
3.648713   205.464557
3.663713   196.849192
3.678713   189.076331
3.693713   184.561239
3.708713   192.366970
3.723713   206.009223
3.738713   212.338364
3.753713   214.043657
3.768713   209.706652
3.783713   202.847109
3.798713   197.062914
3.813713   194.441810
3.828713   189.889531
3.843713   187.022306
3.858713   181.352591
END PITCH
0.17023683521432664	NONE
Time_s   F0_Hz
3.862681   179.706917
3.877681   --undefined--
3.892681   --undefined--
3.907681   234.883353
3.922681   237.288452
3.937681   238.884637
3.952681   241.863404
3.967681   244.524404
3.982681   239.446615
3.997681   238.381524
4.012681   238.081907
4.027681   224.181214
END PITCH
0.1421233362153922	NONE
Time_s   F0_Hz
4.033861   216.186171
4.048861   214.098211
4.063861   220.521548
4.078861   222.140114
4.093861   219.853949
4.108861   217.798329
4.123861   216.645799
4.138861   217.698230
4.153861   218.819021
4.168861   223.600400
END PITCH
0.08243153500492628	NONE
Time_s   F0_Hz
4.176139   228.255844
4.191139   233.901815
4.206139   233.743070
4.221139   231.517227
4.236139   228.595372
4.251139   218.827429
END PITCH
0.20553579138148326	NONE
Time_s   F0_Hz
4.260119   205.923645
4.275119   --undefined--
4.290119   --undefined--
4.305119   --undefined--
4.320119   --undefined--
4.335119   --undefined--
4.350119   --undefined--
4.365119   197.485755
4.380119   210.299740
4.395119   205.820590
4.410119   208.817693
4.425119   211.357403
4.440119   217.264921
4.455119   224.468490
END PITCH
0.07871088104929935	NONE
Time_s   F0_Hz
4.462239   227.340279
4.477239   231.188685
4.492239   230.572591
4.507239   229.942890
4.522239   230.683130
4.537239   --undefined--
END PITCH
0.17024696420825336	NONE
Time_s   F0_Hz
4.541718   --undefined--
4.556718   --undefined--
4.571718   --undefined--
4.586718   --undefined--
4.601718   --undefined--
4.616718   208.285922
4.631718   205.180561
4.646718   200.979170
4.661718   196.428368
4.676718   193.013332
4.691718   191.219785
4.706718   192.878532
END PITCH
0.09664386862646612	NONE
Time_s   F0_Hz
4.712664   193.451565
4.727664   194.267768
4.742664   196.827181
4.757664   199.254652
4.772664   205.897883
4.787664   211.938801
4.802664   215.916490
END PITCH
0.10801373552369764	NONE
Time_s   F0_Hz
4.807489   218.787884
4.822489   227.940405
4.837489   231.726074
4.852489   231.912944
4.867489   231.778865
4.882489   226.377302
4.897489   215.034944
4.912489   199.271469
END PITCH
0.1370155507478783	NONE
Time_s   F0_Hz
4.915006   196.427332
4.930006   --undefined--
4.945006   --undefined--
4.960006   --undefined--
4.975006   --undefined--
4.990006   --undefined--
5.005006   210.880889
5.020006   212.859917
5.035006   --undefined--
5.050006   --undefined--
END PITCH
0.1530415020282767	NONE
Time_s   F0_Hz
5.052540   --undefined--
5.067540   211.165592
5.082540   212.233256
5.097540   214.284496
5.112540   210.523481
5.127540   198.513198
5.142540   --undefined--
5.157540   --undefined--
5.172540   --undefined--
5.187540   --undefined--
5.202540   --undefined--
END PITCH
0.0828832360892724	NONE
Time_s   F0_Hz
5.207999   --undefined--
5.222999   237.135336
5.237999   230.370312
5.252999   223.531923
5.267999   213.793822
5.282999   193.971667
END PITCH
0.2691167639107279	NONE
Time_s   F0_Hz
5.293997   --undefined--
5.308997   --undefined--
5.323997   --undefined--
5.338997   --undefined--
5.353997   190.488123
5.368997   194.102101
5.383997   194.462327
5.398997   191.725478
5.413997   188.332048
5.428997   184.606333
5.443997   181.849024
5.458997   180.591204
5.473997   178.859703
5.488997   178.674430
5.503997   179.945256
5.518997   181.250061
5.533997   182.008410
5.548997   179.455870
END PITCH
0.08334910990344202	NONE
Time_s   F0_Hz
5.560232   --undefined--
5.575232   --undefined--
5.590232   201.730259
5.605232   209.015103
5.620232   214.430470
5.635232   209.895993
END PITCH
0.13400039300530864	NONE
Time_s   F0_Hz
5.646406   204.039771
5.661406   214.622253
5.676406   217.481079
5.691406   216.256244
5.706406   216.408130
5.721406   217.008266
5.736406   218.445432
5.751406   217.160956
5.766406   211.522408
END PITCH
0.1666504970912488	NONE
Time_s   F0_Hz
5.774235   207.735740
5.789235   199.334802
5.804235   190.495667
5.819235   185.453471
5.834235   181.635280
5.849235   178.215074
5.864235   174.826886
5.879235   170.869844
5.894235   168.653270
5.909235   165.198511
5.924235   163.014101
5.939235   157.120717
END PITCH
0.2024657201059279	NONE
Time_s   F0_Hz
5.943793   157.516023
5.958793   163.110466
5.973793   162.432729
5.988793   160.093875
6.003793   156.387623
6.018793   155.612609
6.033793   152.852663
6.048793   150.179089
6.063793   146.467410
6.078793   144.301659
6.093793   143.229949
6.108793   --undefined--
6.123793   --undefined--
6.138793   --undefined--
END PITCH
0.1506507363883145	NONE
Time_s   F0_Hz
6.142846   --undefined--
6.157846   --undefined--
6.172846   --undefined--
6.187846   --undefined--
6.202846   --undefined--
6.217846   --undefined--
6.232846   --undefined--
6.247846   --undefined--
6.262846   --undefined--
6.277846   --undefined--
6.292846   --undefined--
END PITCH
0.14482610160989573	NONE
Time_s   F0_Hz
6.770266   --undefined--
6.785266   --undefined--
6.800266   181.386258
6.815266   181.080513
6.830266   186.938883
6.845266   194.938331
6.860266   200.173807
6.875266   203.652945
6.890266   200.876594
6.905266   188.541978
END PITCH
0.15917813656123858	NONE
Time_s   F0_Hz
6.914762   177.421722
6.929762   --undefined--
6.944762   --undefined--
6.959762   --undefined--
6.974762   --undefined--
6.989762   220.539247
7.004762   226.469478
7.019762   232.418776
7.034762   235.075615
7.049762   232.527146
7.064762   222.390706
END PITCH
0.1222260691452357	NONE
Time_s   F0_Hz
7.070454   217.375913
7.085454   215.801485
7.100454   224.238409
7.115454   233.677476
7.130454   237.769390
7.145454   237.941000
7.160454   236.960308
7.175454   234.690335
7.190454   230.400343
END PITCH
0.1307534693181598	NONE
Time_s   F0_Hz
7.196950   230.256248
7.211950   231.200437
7.226950   231.060976
7.241950   231.526113
7.256950   232.878955
7.271950   235.909458
7.286950   236.268325
7.301950   234.425380
7.316950   229.178992
END PITCH
0.21886993777170272	NONE
Time_s   F0_Hz
7.326769   222.092168
7.341769   --undefined--
7.356769   --undefined--
7.371769   --undefined--
7.386769   --undefined--
7.401769   --undefined--
7.416769   221.460812
7.431769   216.667369
7.446769   208.881621
7.461769   197.198164
7.476769   181.908549
7.491769   180.826189
7.506769   185.828772
7.521769   189.742704
7.536769   182.558941
END PITCH
0.2160274710473944	NONE
Time_s   F0_Hz
7.544218   174.894362
7.559218   --undefined--
7.574218   --undefined--
7.589218   --undefined--
7.604218   231.171315
7.619218   226.262789
7.634218   225.457604
7.649218   --undefined--
7.664218   --undefined--
7.679218   --undefined--
7.694218   --undefined--
7.709218   --undefined--
7.724218   189.928664
7.739218   185.694225
7.754218   --undefined--
END PITCH
0.13928086949108298	NONE
Time_s   F0_Hz
7.759371   --undefined--
7.774371   --undefined--
7.789371   --undefined--
7.804371   656.431580
7.819371   768.415181
7.834371   --undefined--
7.849371   203.800695
7.864371   216.818755
7.879371   223.832399
7.894371   219.599806
END PITCH
0.16202060328554602	NONE
Time_s   F0_Hz
7.902517   212.891366
7.917517   --undefined--
7.932517   --undefined--
7.947517   --undefined--
7.962517   --undefined--
7.977517   221.348303
7.992517   223.296426
8.007517   229.162004
8.022517   233.835819
8.037517   234.223447
8.052517   --undefined--
END PITCH
0.1677055367341609	NONE
Time_s   F0_Hz
8.059881   --undefined--
8.074881   --undefined--
8.089881   --undefined--
8.104881   --undefined--
8.119881   227.020698
8.134881   227.690186
8.149881   227.725621
8.164881   226.365453
8.179881   225.247137
8.194881   222.291696
8.209881   --undefined--
8.224881   --undefined--
END PITCH
0.13237014245099843	NONE
Time_s   F0_Hz
8.232415   --undefined--
8.247415   --undefined--
8.262415   --undefined--
8.277415   --undefined--
8.292415   200.245456
8.307415   195.731079
8.322415   191.159044
8.337415   187.244972
8.352415   174.958573
END PITCH
0.28545305401442	NONE
Time_s   F0_Hz
8.358827   --undefined--
8.373827   --undefined--
8.388827   --undefined--
8.403827   --undefined--
8.418827   --undefined--
8.433827   212.505251
8.448827   213.261316
8.463827   211.521432
8.478827   210.657567
8.493827   208.406475
8.508827   --undefined--
8.523827   --undefined--
8.538827   --undefined--
8.553827   --undefined--
8.568827   --undefined--
8.583827   --undefined--
8.598827   --undefined--
8.613827   --undefined--
8.628827   --undefined--
8.643827   --undefined--
END PITCH
0.18355395549636988	NONE
Time_s   F0_Hz
8.645839   --undefined--
8.660839   --undefined--
8.675839   --undefined--
8.690839   --undefined--
8.705839   --undefined--
8.720839   --undefined--
8.735839   --undefined--
8.750839   178.864054
8.765839   186.091352
8.780839   189.566293
8.795839   188.627412
8.810839   183.846123
8.825839   174.281884
END PITCH
0.13985801747219107	NONE
Time_s   F0_Hz
8.830040   --undefined--
8.845040   --undefined--
8.860040   211.082979
8.875040   215.115348
8.890040   218.178830
8.905040   223.148720
8.920040   227.209773
8.935040   229.088892
8.950040   227.818253
8.965040   223.325346
END PITCH
0.056272186505049504	NONE
Time_s   F0_Hz
8.973101   220.674546
8.988101   217.497360
9.003101   213.869902
9.018101   205.645721
END PITCH
0.11996075040203458	NONE
Time_s   F0_Hz
9.031219   --undefined--
9.046219   --undefined--
9.061219   --undefined--
9.076219   --undefined--
9.091219   230.571009
9.106219   229.473670
9.121219   223.829330
9.136219   209.650765
END PITCH
0.15635509012435378	NONE
Time_s   F0_Hz
9.146882   205.813406
9.161882   206.013388
9.176882   205.759323
9.191882   200.242361
9.206882   196.786748
9.221882   191.478518
9.236882   187.938586
9.251882   189.121683
9.266882   190.148350
9.281882   188.140429
9.296882   186.283767
END PITCH
0.15631624954950674	NONE
Time_s   F0_Hz
9.303220   --undefined--
9.318220   205.194748
9.333220   206.141731
9.348220   206.539166
9.363220   203.395507
9.378220   196.475514
9.393220   192.149183
9.408220   190.942132
9.423220   184.390140
9.438220   180.749630
9.453220   174.389782
END PITCH
0.13075346931816156	NONE
Time_s   F0_Hz
9.461746   --undefined--
9.476746   --undefined--
9.491746   192.984497
9.506746   192.686009
9.521746   192.115369
9.536746   191.709868
9.551746   190.676033
9.566746   189.042215
9.581746   186.837623
END PITCH
0.21318500432308518	NONE
Time_s   F0_Hz
9.588719   183.914858
9.603719   176.736122
9.618719   175.049398
9.633719   177.461069
9.648719   182.022266
9.663719   181.566363
9.678719   183.628990
9.693719   211.128660
9.708719   220.651444
9.723719   225.229654
9.738719   227.977812
9.753719   227.293041
9.768719   219.285374
9.783719   --undefined--
9.798719   --undefined--
END PITCH
0.1839969206591654	NONE
Time_s   F0_Hz
9.802313   --undefined--
9.817313   --undefined--
9.832313   --undefined--
9.847313   237.220891
9.862313   231.070496
9.877313   227.887606
9.892313   224.106742
9.907313   220.162092
9.922313   215.342480
9.937313   208.936459
9.952313   201.144935
9.967313   193.814590
9.982313   181.954392
END PITCH
0.1797483561500819	NONE
Time_s   F0_Hz
9.991684   --undefined--
10.006684   --undefined--
10.021684   --undefined--
10.036684   --undefined--
10.051684   --undefined--
10.066684   --undefined--
10.081684   --undefined--
10.096684   183.874370
10.111684   190.107437
10.126684   192.601706
10.141684   190.344473
10.156684   180.318551
END PITCH
0.17599999999999838	NONE
Time_s   F0_Hz
10.169563   186.356405
10.184563   188.586348
10.199563   188.349741
10.214563   188.833002
10.229563   189.684557
10.244563   185.349204
10.259563   182.182072
10.274563   181.770039
10.289563   181.782750
10.304563   181.080623
10.319563   --undefined--
10.334563   --undefined--
END PITCH
0.28800000000000026	NONE
Time_s   F0_Hz
10.341559   --undefined--
10.356559   --undefined--
10.371559   --undefined--
10.386559   --undefined--
10.401559   --undefined--
10.416559   --undefined--
10.431559   187.872668
10.446559   188.991147
10.461559   189.366244
10.476559   187.055607
10.491559   185.471719
10.506559   185.069008
10.521559   182.356729
10.536559   184.334437
10.551559   182.679076
10.566559   184.151735
10.581559   --undefined--
10.596559   --undefined--
10.611559   --undefined--
10.626559   --undefined--
END PITCH
0.14185404289552395	NONE
Time_s   F0_Hz
10.841638   --undefined--
10.856638   --undefined--
10.871638   175.701777
10.886638   174.891160
10.901638   174.284507
10.916638   175.129049
10.931638   179.169049
10.946638   185.706583
10.961638   194.477291
10.976638   --undefined--
END PITCH
0.16228989660541338	NONE
Time_s   F0_Hz
10.986202   --undefined--
11.001202   --undefined--
11.016202   --undefined--
11.031202   --undefined--
11.046202   --undefined--
11.061202   --undefined--
11.076202   --undefined--
11.091202   224.097623
11.106202   230.959938
11.121202   229.244540
11.136202   219.651172
END PITCH
0.25013707173908806	NONE
Time_s   F0_Hz
11.147415   --undefined--
11.162415   --undefined--
11.177415   --undefined--
11.192415   --undefined--
11.207415   --undefined--
11.222415   216.704134
11.237415   219.913907
11.252415   221.352088
11.267415   220.894002
11.282415   218.971329
11.297415   213.032948
11.312415   199.876280
11.327415   186.459906
11.342415   182.524945
11.357415   179.779509
11.372415   174.888623
11.387415   170.875849
END PITCH
0.1136986689723134	NONE
Time_s   F0_Hz
11.396842   179.991427
11.411842   191.100910
11.426842   194.093984
11.441842   193.966286
11.456842   191.623302
11.471842   188.739739
11.486842   185.732989
11.501842   191.444015
END PITCH
0.2578743626831841	NONE
Time_s   F0_Hz
11.507625   --undefined--
11.522625   --undefined--
11.537625   --undefined--
11.552625   --undefined--
11.567625   --undefined--
11.582625   179.088349
11.597625   174.133513
11.612625   171.677181
11.627625   172.432594
11.642625   173.958531
11.657625   172.801455
11.672625   171.617158
11.687625   168.683344
11.702625   166.521595
11.717625   163.946538
11.732625   --undefined--
11.747625   --undefined--
11.762625   --undefined--
END PITCH
0.09948633535077356	NONE
Time_s   F0_Hz
12.367109   --undefined--
12.382109   173.672281
12.397109   174.969995
12.412109   176.107838
12.427109   180.373519
12.442109   178.769237
12.457109   173.931287
END PITCH
0.1705480034584692	NONE
Time_s   F0_Hz
12.464632   167.171905
12.479632   166.539202
12.494632   167.651626
12.509632   167.077922
12.524632   165.380386
12.539632   167.618116
12.554632   184.855792
12.569632   181.312205
12.584632   --undefined--
12.599632   --undefined--
12.614632   --undefined--
12.629632   --undefined--
END PITCH
0.08243153500492717	NONE
Time_s   F0_Hz
12.636117   --undefined--
12.651117   --undefined--
12.666117   --undefined--
12.681117   --undefined--
12.696117   188.859157
12.711117   185.281858
END PITCH
0.1222260691452366	NONE
Time_s   F0_Hz
12.715941   184.783732
12.730941   187.619115
12.745941   194.351902
12.760941   203.548191
12.775941   210.932929
12.790941   215.719888
12.805941   217.874682
12.820941   214.954698
12.835941   211.557646
END PITCH
0.15349320311262282	NONE
Time_s   F0_Hz
12.838798   213.014418
12.853798   217.023860
12.868798   215.862390
12.883798   215.918338
12.898798   217.313249
12.913798   218.612398
12.928798   217.431182
12.943798   216.735158
12.958798   215.262000
12.973798   209.894763
12.988798   195.418120
END PITCH
0.16202060328554602	NONE
Time_s   F0_Hz
12.996553   --undefined--
13.011553   --undefined--
13.026553   --undefined--
13.041553   --undefined--
13.056553   --undefined--
13.071553   208.472505
13.086553   213.286613
13.101553   216.321763
13.116553   215.115257
13.131553   210.217269
13.146553   202.741981
END PITCH
0.29561653932801235	NONE
Time_s   F0_Hz
13.157874   --undefined--
13.172874   --undefined--
13.187874   --undefined--
13.202874   --undefined--
13.217874   --undefined--
13.232874   --undefined--
13.247874   555.742893
13.262874   --undefined--
13.277874   213.530195
13.292874   213.174311
13.307874   212.693727
13.322874   211.012581
13.337874   208.636824
13.352874   205.560513
13.367874   203.190856
13.382874   202.768617
13.397874   201.133631
13.412874   198.409219
13.427874   --undefined--
13.442874   --undefined--
END PITCH
0.29845900605232245	NONE
Time_s   F0_Hz
13.454915   --undefined--
13.469915   --undefined--
13.484915   --undefined--
13.499915   --undefined--
13.514915   --undefined--
13.529915   --undefined--
13.544915   178.288519
13.559915   175.654787
13.574915   180.945903
13.589915   189.638248
13.604915   193.027265
13.619915   192.253590
13.634915   191.302519
13.649915   189.932736
13.664915   185.613578
13.679915   179.398305
13.694915   172.253809
13.709915   158.269612
13.724915   146.139845
13.739915   142.545984
END PITCH
0.23876720484185654	NONE
Time_s   F0_Hz
13.753532   --undefined--
13.768532   --undefined--
13.783532   --undefined--
13.798532   --undefined--
13.813532   --undefined--
13.828532   --undefined--
13.843532   --undefined--
13.858532   --undefined--
13.873532   --undefined--
13.888532   --undefined--
13.903532   --undefined--
13.918532   --undefined--
13.933532   --undefined--
13.948532   --undefined--
13.963532   --undefined--
13.978532   --undefined--
END PITCH
0.12622283183175753	NONE
Time_s   F0_Hz
14.990646   --undefined--
15.005646   --undefined--
15.020646   --undefined--
15.035646   636.262932
15.050646   --undefined--
15.065646   --undefined--
15.080646   --undefined--
15.095646   --undefined--
15.110646   --undefined--
END PITCH
0.07674660155631052	NONE
Time_s   F0_Hz
15.114632   --undefined--
15.129632   --undefined--
15.144632   190.679222
15.159632   190.386910
15.174632   190.177089
15.189632   195.190399
END PITCH
0.12791100259385324	NONE
Time_s   F0_Hz
15.194456   195.563700
15.209456   194.254972
15.224456   196.609366
15.239456   199.874338
15.254456   200.411742
15.269456   199.490490
15.284456   192.669071
15.299456   179.996012
15.314456   170.486826
END PITCH
0.1591781365612377	NONE
Time_s   F0_Hz
15.323005   --undefined--
15.338005   --undefined--
15.353005   --undefined--
15.368005   --undefined--
15.383005   --undefined--
15.398005   --undefined--
15.413005   --undefined--
15.428005   --undefined--
15.443005   175.039839
15.458005   174.030301
15.473005   175.804947
END PITCH
0.11369866897231162	NONE
Time_s   F0_Hz
15.481944   177.807620
15.496944   182.921380
15.511944   188.158493
15.526944   194.401558
15.541944   202.096077
15.556944   208.610866
15.571944   212.626174
15.586944   214.002170
END PITCH
0.1790754036313924	NONE
Time_s   F0_Hz
15.598328   211.772855
15.613328   206.071968
15.628328   200.909829
15.643328   195.660845
15.658328   192.513867
15.673328   189.114622
15.688328   188.574867
15.703328   184.335416
15.718328   178.558778
15.733328   175.035259
15.748328   170.763998
15.763328   164.607855
END PITCH
0.23023980466893512	NONE
Time_s   F0_Hz
15.772988   158.647160
15.787988   150.907167
15.802988   144.936696
15.817988   144.287604
15.832988   145.285334
15.847988   156.590792
15.862988   170.517830
15.877988   181.623716
15.892988   --undefined--
15.907988   --undefined--
15.922988   --undefined--
15.937988   --undefined--
15.952988   --undefined--
15.967988   --undefined--
15.982988   --undefined--
15.997988   --undefined--
END PITCH
0.1591781365612377	NONE
Time_s   F0_Hz
16.005193   --undefined--
16.020193   --undefined--
16.035193   --undefined--
16.050193   --undefined--
16.065193   --undefined--
16.080193   764.321116
16.095193   --undefined--
16.110193   --undefined--
16.125193   186.817654
16.140193   188.058975
16.155193   181.647975
END PITCH
0.0824315350049254	NONE
Time_s   F0_Hz
16.163498   177.649512
16.178498   179.216114
16.193498   191.380177
16.208498   189.911744
16.223498   188.263298
16.238498   189.392398
END PITCH
0.18191787035570073	NONE
Time_s   F0_Hz
16.243175   188.965440
16.258175   184.751292
16.273175   183.072579
16.288175   181.175397
16.303175   179.585114
16.318175   179.127189
16.333175   175.616985
16.348175   169.051699
16.363175   168.536349
16.378175   --undefined--
16.393175   --undefined--
16.408175   --undefined--
16.423175   --undefined--
END PITCH
0.1591781365612377	NONE
Time_s   F0_Hz
16.428719   --undefined--
16.443719   --undefined--
16.458719   --undefined--
16.473719   --undefined--
16.488719   187.020411
16.503719   186.341588
16.518719   188.574755
16.533719   188.951344
16.548719   188.299323
16.563719   186.619671
16.578719   180.721308
END PITCH
0.3092011211811645	NONE
Time_s   F0_Hz
16.587914   --undefined--
16.602914   --undefined--
16.617914   --undefined--
16.632914   --undefined--
16.647914   --undefined--
16.662914   --undefined--
16.677914   175.503520
16.692914   167.766275
16.707914   163.931829
16.722914   161.451780
16.737914   157.539659
16.752914   155.405736
16.767914   152.281902
16.782914   151.767838
16.797914   149.309428
16.812914   147.739439
16.827914   143.534967
16.842914   143.758084
16.857914   146.155327
16.872914   --undefined--
16.887914   --undefined--
END PITCH
