#Each entry contains the duration of a syllable (in seconds), an optional label, and a pitch time series.
0	NONE
Time_s   F0_Hz
0   --undefined--
END PITCH
0.7091866745709359	NONE
Time_s   F0_Hz
0.304291   206.376058
0.319291   202.722263
0.334291   --undefined--
0.349291   --undefined--
0.364291   --undefined--
0.379291   --undefined--
0.394291   --undefined--
0.409291   --undefined--
0.424291   --undefined--
0.439291   --undefined--
0.454291   --undefined--
0.469291   --undefined--
0.484291   228.505054
0.499291   241.389131
0.514291   249.520461
0.529291   255.985108
0.544291   264.139348
0.559291   268.626872
0.574291   271.678414
0.589291   272.974036
0.604291   268.015406
0.619291   259.862839
0.634291   250.836345
0.649291   244.520130
0.664291   238.725238
0.679291   235.417396
0.694291   228.746953
0.709291   221.754561
0.724291   216.216069
0.739291   213.541606
0.754291   210.814092
0.769291   209.176584
0.784291   207.647979
0.799291   206.140151
0.814291   204.703413
0.829291   203.898815
0.844291   203.886378
0.859291   203.943903
0.874291   204.620118
0.889291   206.416806
0.904291   214.138898
0.919291   216.243790
0.934291   216.592291
0.949291   218.463369
0.964291   220.812738
0.979291   221.462570
0.994291   215.207652
1.009291   --undefined--
END PITCH
0.36359316818103804	NONE
Time_s   F0_Hz
1.013175   --undefined--
1.028175   --undefined--
1.043175   --undefined--
1.058175   --undefined--
1.073175   --undefined--
1.088175   --undefined--
1.103175   --undefined--
1.118175   --undefined--
1.133175   --undefined--
1.148175   197.924177
1.163175   198.434116
1.178175   197.410688
1.193175   196.464808
1.208175   194.737481
1.223175   193.316017
1.238175   192.440057
1.253175   190.934536
1.268175   190.365016
1.283175   191.061361
1.298175   192.872731
1.313175   194.445565
1.328175   194.814900
1.343175   192.324002
1.358175   189.155891
1.373175   196.679025
END PITCH
0.19377349470780691	NONE
Time_s   F0_Hz
1.381859   --undefined--
1.396859   --undefined--
1.411859   --undefined--
1.426859   --undefined--
1.441859   --undefined--
1.456859   247.592051
1.471859   239.485895
1.486859   232.506458
1.501859   --undefined--
1.516859   --undefined--
1.531859   --undefined--
1.546859   --undefined--
1.561859   --undefined--
END PITCH
0.1842194029061437	NONE
Time_s   F0_Hz
1.570862   --undefined--
1.585862   212.258760
1.600862   209.572423
1.615862   209.179787
1.630862   222.026842
1.645862   229.745556
1.660862   226.673984
1.675862   217.815932
1.690862   211.166005
1.705862   206.102568
1.720862   201.332047
1.735862   200.309847
1.750862   203.107732
END PITCH
0.10439803838861517	NONE
Time_s   F0_Hz
1.760170   206.031374
1.775170   208.371096
1.790170   209.727577
1.805170   209.759794
1.820170   209.546467
1.835170   208.569889
1.850170   204.869820
END PITCH
0.2051961444190018	NONE
Time_s   F0_Hz
1.862466   199.754835
1.877466   194.489847
1.892466   192.202169
1.907466   193.695358
1.922466   193.468912
1.937466   188.857798
1.952466   184.561292
1.967466   179.625837
1.982466   175.868347
1.997466   174.578549
2.012466   178.205345
2.027466   184.522303
2.042466   185.957882
2.057466   186.886613
END PITCH
0.12599763253798324	NONE
Time_s   F0_Hz
2.065556   189.815457
2.080556   --undefined--
2.095556   --undefined--
2.110556   --undefined--
2.125556   216.129382
2.140556   197.545576
2.155556   189.452269
2.170556   184.696976
2.185556   178.515651
END PITCH
0.06839871480633386	NONE
Time_s   F0_Hz
2.192755   174.633725
2.207755   172.704777
2.222755   170.229259
2.237755   169.548022
2.252755   171.738808
END PITCH
0.27719479158356375	NONE
Time_s   F0_Hz
2.260556   171.701598
2.275556   171.824446
2.290556   172.017652
2.305556   172.623157
2.320556   171.790645
2.335556   169.552527
2.350556   168.343312
2.365556   166.437047
2.380556   169.547037
2.395556   171.998013
2.410556   172.407089
2.425556   167.648569
2.440556   164.958366
2.455556   172.863810
2.470556   185.174528
2.485556   213.763491
2.500556   241.264342
2.515556   270.792111
2.530556   275.732826
END PITCH
0.3023943180911606	NONE
Time_s   F0_Hz
2.535351   273.060010
2.550351   265.626045
2.565351   --undefined--
2.580351   --undefined--
2.595351   --undefined--
2.610351   --undefined--
2.625351   --undefined--
2.640351   --undefined--
2.655351   --undefined--
2.670351   --undefined--
2.685351   --undefined--
2.700351   --undefined--
2.715351   --undefined--
2.730351   --undefined--
2.745351   199.723152
2.760351   195.397649
2.775351   192.094934
2.790351   --undefined--
2.805351   --undefined--
2.820351   --undefined--
2.835351   --undefined--
END PITCH
0.16199695612026455	NONE
Time_s   F0_Hz
2.842551   --undefined--
2.857551   --undefined--
2.872551   231.409945
2.887551   220.616511
2.902551   213.972922
2.917551   212.371057
2.932551   203.148918
2.947551   182.145548
2.962551   176.021024
2.977551   173.813531
2.992551   172.248612
END PITCH
0.2755452121718882	NONE
Time_s   F0_Hz
3.001315   172.530671
3.016315   172.411751
3.031315   173.836766
3.046315   175.172146
3.061315   175.252653
3.076315   175.770185
3.091315   183.755296
3.106315   187.687966
3.121315   188.675106
3.136315   188.279292
3.151315   186.733606
3.166315   181.555528
3.181315   175.067227
3.196315   171.114355
3.211315   169.068313
3.226315   166.567727
3.241315   164.415239
3.256315   167.596151
3.271315   166.724173
END PITCH
0.16004660317371178	NONE
Time_s   F0_Hz
3.279104   --undefined--
3.294104   --undefined--
3.309104   --undefined--
3.324104   --undefined--
3.339104   177.272698
3.354104   178.917679
3.369104   171.371644
3.384104   --undefined--
3.399104   --undefined--
3.414104   --undefined--
3.429104   --undefined--
END PITCH
0.4319918829873721	NONE
Time_s   F0_Hz
3.440125   --undefined--
3.455125   --undefined--
3.470125   --undefined--
3.485125   --undefined--
3.500125   --undefined--
3.515125   --undefined--
3.530125   --undefined--
3.545125   --undefined--
3.560125   --undefined--
3.575125   --undefined--
3.590125   --undefined--
3.605125   --undefined--
3.620125   193.126129
3.635125   184.375021
3.650125   176.522576
3.665125   174.147815
3.680125   172.793645
3.695125   172.319269
3.710125   172.308804
3.725125   171.778394
3.740125   171.482137
3.755125   171.870888
3.770125   172.920815
3.785125   174.201891
3.800125   174.019535
3.815125   173.823457
3.830125   177.991103
3.845125   184.317276
3.860125   190.644642
END PITCH
0.20352957574885844	NONE
Time_s   F0_Hz
3.870391   194.985823
3.885391   200.523277
3.900391   201.451942
3.915391   193.213948
3.930391   183.492321
3.945391   169.601313
3.960391   173.014902
3.975391   188.562538
3.990391   196.889601
4.005391   200.410519
4.020391   199.351299
4.035391   196.118146
4.050391   192.473867
4.065391   191.485452
END PITCH
0.3112607514777599	NONE
Time_s   F0_Hz
4.075283   189.810612
4.090283   185.158270
4.105283   183.216569
4.120283   183.758861
4.135283   183.204971
4.150283   181.666081
4.165283   181.866654
4.180283   181.555431
4.195283   181.591233
4.210283   180.794256
4.225283   179.028293
4.240283   177.049363
4.255283   179.660483
4.270283   178.253732
4.285283   178.721821
4.300283   181.553947
4.315283   181.068005
4.330283   180.809277
4.345283   191.727627
4.360283   193.535211
4.375283   192.904356
END PITCH
0.46599779627218396	NONE
Time_s   F0_Hz
4.657500   --undefined--
4.672500   --undefined--
4.687500   --undefined--
4.702500   --undefined--
4.717500   --undefined--
4.732500   --undefined--
4.747500   --undefined--
4.762500   --undefined--
4.777500   --undefined--
4.792500   --undefined--
4.807500   --undefined--
4.822500   --undefined--
4.837500   --undefined--
4.852500   203.498314
4.867500   198.734021
4.882500   198.629201
4.897500   199.101451
4.912500   199.685905
4.927500   200.446342
4.942500   199.485815
4.957500   198.106420
4.972500   196.278530
4.987500   194.968329
5.002500   194.138852
5.017500   193.392223
5.032500   192.997460
5.047500   192.774103
5.062500   191.405467
5.077500   187.715801
5.092500   186.093208
5.107500   192.101199
5.122500   184.133038
END PITCH
0.4480000000000004	NONE
Time_s   F0_Hz
5.129495   --undefined--
5.144495   --undefined--
5.159495   --undefined--
5.174495   --undefined--
5.189495   --undefined--
5.204495   --undefined--
5.219495   --undefined--
5.234495   --undefined--
5.249495   219.381384
5.264495   209.254167
5.279495   202.092612
5.294495   194.655236
5.309495   187.605155
5.324495   179.265420
5.339495   173.957673
5.354495   178.392328
5.369495   181.143753
5.384495   --undefined--
5.399495   --undefined--
5.414495   --undefined--
5.429495   --undefined--
5.444495   --undefined--
5.459495   --undefined--
5.474495   --undefined--
5.489495   --undefined--
5.504495   --undefined--
5.519495   --undefined--
5.534495   --undefined--
5.549495   --undefined--
5.564495   --undefined--
END PITCH
0.6080000000000005	NONE
Time_s   F0_Hz
5.943005   --undefined--
5.958005   --undefined--
5.973005   --undefined--
5.988005   --undefined--
6.003005   --undefined--
6.018005   --undefined--
6.033005   --undefined--
6.048005   189.441432
6.063005   186.232875
6.078005   185.167855
6.093005   183.891458
6.108005   183.164864
6.123005   182.441613
6.138005   181.630128
6.153005   180.502067
6.168005   180.307795
6.183005   179.886154
6.198005   179.107094
6.213005   178.360589
6.228005   177.889978
6.243005   176.918443
6.258005   176.264132
6.273005   175.673187
6.288005   175.631872
6.303005   176.068574
6.318005   176.559691
6.333005   177.578509
6.348005   178.867937
6.363005   178.833636
6.378005   177.406667
6.393005   176.167887
6.408005   174.729974
6.423005   179.027198
6.438005   183.703733
6.453005   182.082873
6.468005   182.137897
6.483005   181.523286
6.498005   178.996876
6.513005   179.342045
6.528005   178.972938
6.543005   --undefined--
END PITCH
0.30781746941556865	NONE
Time_s   F0_Hz
6.550918   --undefined--
6.565918   --undefined--
6.580918   172.624297
6.595918   180.094059
6.610918   182.451233
6.625918   190.650406
6.640918   198.374082
6.655918   202.548421
6.670918   209.217340
6.685918   214.937021
6.700918   217.762968
6.715918   221.469534
6.730918   225.274155
6.745918   227.250279
6.760918   229.318158
6.775918   231.324037
6.790918   232.737962
6.805918   233.412065
6.820918   232.362912
6.835918   230.147171
6.850918   226.546562
END PITCH
0.025092544055545396	NONE
Time_s   F0_Hz
6.859870   224.473791
6.874870   223.900483
END PITCH
0.0818984611496889	NONE
Time_s   F0_Hz
6.883362   223.795104
6.898362   219.359383
6.913362   215.252360
6.928362   212.137924
6.943362   207.766895
6.958362   203.212807
END PITCH
0.18179658409051846	NONE
Time_s   F0_Hz
6.962710   201.033842
6.977710   195.673065
6.992710   198.754351
7.007710   205.384390
7.022710   211.034063
7.037710   209.097546
7.052710   201.165900
7.067710   193.726670
7.082710   191.665856
7.097710   190.142533
7.112710   190.057022
7.127710   190.985011
7.142710   190.682150
END PITCH
0.30239431809116013	NONE
Time_s   F0_Hz
7.144807   190.670923
7.159807   191.061357
7.174807   188.749652
7.189807   --undefined--
7.204807   --undefined--
7.219807   --undefined--
7.234807   207.467364
7.249807   201.994027
7.264807   197.650856
7.279807   194.124600
7.294807   191.458116
7.309807   189.733479
7.324807   187.403237
7.339807   184.402885
7.354807   182.903641
7.369807   182.175464
7.384807   181.842433
7.399807   181.537400
7.414807   181.794083
7.429807   182.564211
7.444807   181.818614
END PITCH
0.2843946563000195	NONE
Time_s   F0_Hz
7.453197   181.460192
7.468197   181.050277
7.483197   181.136330
7.498197   180.613723
7.513197   179.514975
7.528197   179.508535
7.543197   178.493051
7.558197   173.006356
7.573197   169.512611
7.588197   168.409329
7.603197   166.511909
7.618197   167.071748
7.633197   167.481358
7.648197   172.682895
7.663197   179.465797
7.678197   187.516035
7.693197   191.764780
7.708197   --undefined--
7.723197   --undefined--
END PITCH
0.15839702376203668	NONE
Time_s   F0_Hz
7.734592   --undefined--
7.749592   --undefined--
7.764592   --undefined--
7.779592   --undefined--
7.794592   --undefined--
7.809592   --undefined--
7.824592   --undefined--
7.839592   189.801760
7.854592   184.630963
7.869592   180.354988
7.884592   175.174613
END PITCH
0.14620894313546096	NONE
Time_s   F0_Hz
7.894405   169.536175
7.909405   172.285444
7.924405   --undefined--
7.939405   --undefined--
7.954405   --undefined--
7.969405   --undefined--
7.984405   194.254593
7.999405   190.810868
8.014405   183.132094
8.029405   166.888040
END PITCH
0.25230751304501986	NONE
Time_s   F0_Hz
8.041156   --undefined--
8.056156   --undefined--
8.071156   --undefined--
8.086156   --undefined--
8.101156   --undefined--
8.116156   --undefined--
8.131156   194.711783
8.146156   189.043935
8.161156   185.265739
8.176156   182.762568
8.191156   179.719724
8.206156   177.120656
8.221156   175.843610
8.236156   174.087789
8.251156   171.829532
8.266156   170.883373
8.281156   171.984805
END PITCH
0.08878700533064432	NONE
Time_s   F0_Hz
8.294201   185.700161
8.309201   181.786057
8.324201   182.524878
8.339201   183.996716
8.354201   184.268358
8.369201   185.351281
END PITCH
0.07919851188101745	NONE
Time_s   F0_Hz
8.378203   187.067355
8.393203   188.840589
8.408203   191.711009
8.423203   198.765270
8.438203   205.581092
8.453203   204.593251
END PITCH
0.49868967594109037	NONE
Time_s   F0_Hz
8.457149   205.003730
8.472149   208.115101
8.487149   --undefined--
8.502149   --undefined--
8.517149   --undefined--
8.532149   --undefined--
8.547149   --undefined--
8.562149   --undefined--
8.577149   --undefined--
8.592149   --undefined--
8.607149   --undefined--
8.622149   200.852380
8.637149   191.127017
8.652149   185.774325
8.667149   184.837004
8.682149   185.846368
8.697149   186.232378
8.712149   184.106120
8.727149   182.173689
8.742149   180.859260
8.757149   180.450262
8.772149   180.314413
8.787149   180.249439
8.802149   180.363185
8.817149   180.421711
8.832149   180.033442
8.847149   180.206094
8.862149   179.663875
8.877149   178.685405
8.892149   176.500647
8.907149   174.522835
8.922149   174.982684
8.937149   173.433137
8.952149   189.709679
END PITCH
0.12599763253798457	NONE
Time_s   F0_Hz
8.956984   189.810042
8.971984   183.422361
8.986984   --undefined--
9.001984   --undefined--
9.016984   --undefined--
9.031984   --undefined--
9.046984   192.307732
9.061984   190.027608
9.076984   186.844429
END PITCH
0.1907964149860888	NONE
Time_s   F0_Hz
9.085374   --undefined--
9.100374   --undefined--
9.115374   --undefined--
9.130374   --undefined--
9.145374   --undefined--
9.160374   --undefined--
9.175374   --undefined--
9.190374   --undefined--
9.205374   --undefined--
9.220374   --undefined--
9.235374   --undefined--
9.250374   --undefined--
9.265374   --undefined--
END PITCH
0.11159790310507134	NONE
Time_s   F0_Hz
9.274076   208.466206
9.289076   199.610276
9.304076   190.864065
9.319076   194.591770
9.334076   196.166188
9.349076   --undefined--
9.364076   --undefined--
9.379076   --undefined--
END PITCH
0.18359655026963217	NONE
Time_s   F0_Hz
9.384172   --undefined--
9.399172   --undefined--
9.414172   --undefined--
9.429172   202.712747
9.444172   196.785687
9.459172   191.891050
9.474172   187.806805
9.489172   185.003240
9.504172   181.700721
9.519172   179.350649
9.534172   177.116815
9.549172   173.319649
9.564172   165.261853
END PITCH
0.12814569947198962	NONE
Time_s   F0_Hz
9.570045   163.299848
9.585045   168.552763
9.600045   182.832642
9.615045   177.073680
9.630045   170.219438
9.645045   168.550622
9.660045   164.159223
9.675045   162.992975
9.690045   --undefined--
END PITCH
0.19979624588165912	NONE
Time_s   F0_Hz
9.696525   --undefined--
9.711525   --undefined--
9.726525   --undefined--
9.741525   174.972342
9.756525   176.322326
9.771525   175.145803
9.786525   177.639470
9.801525   181.149985
9.816525   183.605801
9.831525   186.035674
9.846525   192.633675
9.861525   198.453207
9.876525   196.028638
9.891525   194.066036
END PITCH
0.34908684754980435	NONE
Time_s   F0_Hz
9.895958   193.568337
9.910958   195.934492
9.925958   --undefined--
9.940958   --undefined--
9.955958   --undefined--
9.970958   188.768423
9.985958   180.851362
10.000958   175.133610
10.015958   --undefined--
10.030958   --undefined--
10.045958   --undefined--
10.060958   --undefined--
10.075958   --undefined--
10.090958   --undefined--
10.105958   --undefined--
10.120958   154.683494
10.135958   160.156685
10.150958   --undefined--
10.165958   --undefined--
10.180958   --undefined--
10.195958   186.313882
10.210958   182.209675
10.225958   --undefined--
10.240958   --undefined--
END PITCH
0.3436501683320383	NONE
Time_s   F0_Hz
10.697823   --undefined--
10.712823   --undefined--
10.727823   189.343060
10.742823   197.038610
10.757823   194.929075
10.772823   191.268740
10.787823   188.140154
10.802823   185.582360
10.817823   182.519681
10.832823   180.382228
10.847823   179.356374
10.862823   178.258868
10.877823   176.284252
10.892823   174.434959
10.907823   175.498271
10.922823   174.259559
10.937823   172.622056
10.952823   171.947861
10.967823   173.394455
10.982823   175.357437
10.997823   172.176134
11.012823   166.766152
11.027823   169.866354
END PITCH
0.32039397988230256	NONE
Time_s   F0_Hz
11.037353   174.154622
11.052353   172.536297
11.067353   --undefined--
11.082353   --undefined--
11.097353   --undefined--
11.112353   --undefined--
11.127353   --undefined--
11.142353   190.193396
11.157353   190.991889
11.172353   187.952453
11.187353   185.846660
11.202353   184.130826
11.217353   179.314259
11.232353   176.598983
11.247353   176.498919
11.262353   176.304749
11.277353   176.002856
11.292353   175.003146
11.307353   169.705705
11.322353   166.637873
11.337353   163.926627
11.352353   166.098310
END PITCH
0.2213958400310272	NONE
Time_s   F0_Hz
11.360748   --undefined--
11.375748   --undefined--
11.390748   192.317303
11.405748   192.095125
11.420748   197.570323
11.435748   212.458656
11.450748   222.777030
11.465748   236.404775
11.480748   249.929140
11.495748   274.813222
11.510748   288.448797
11.525748   299.346153
11.540748   301.411572
11.555748   298.380864
11.570748   294.624288
END PITCH
0.5865600117546297	NONE
Time_s   F0_Hz
11.577217   293.085812
11.592217   287.839443
11.607217   292.973352
11.622217   299.391723
11.637217   300.707155
11.652217   300.973722
11.667217   --undefined--
11.682217   245.293160
11.697217   233.728648
11.712217   214.685105
11.727217   204.713020
11.742217   195.846557
11.757217   188.825191
11.772217   184.399332
11.787217   183.540346
11.802217   185.179214
11.817217   185.390739
11.832217   184.434578
11.847217   181.845960
11.862217   180.721553
11.877217   180.104509
11.892217   179.445728
11.907217   178.620930
11.922217   177.783146
11.937217   177.841979
11.952217   178.391677
11.967217   177.896772
11.982217   177.468260
11.997217   178.568882
12.012217   181.157503
12.027217   183.760812
12.042217   187.549265
12.057217   199.127555
12.072217   209.993373
12.087217   213.892142
12.102217   216.614464
12.117217   219.208500
12.132217   218.521659
12.147217   --undefined--
12.162217   --undefined--
END PITCH
0.2250102267941152	NONE
Time_s   F0_Hz
12.897999   198.663204
12.912999   193.945762
12.927999   194.066913
12.942999   194.999237
12.957999   195.682836
12.972999   196.036817
12.987999   196.195061
13.002999   197.036575
13.017999   197.953241
13.032999   198.463387
13.047999   197.548284
13.062999   194.814884
13.077999   190.985895
13.092999   187.059147
13.107999   177.226721
END PITCH
0.12239770017975538	NONE
Time_s   F0_Hz
13.109206   175.347037
13.124206   159.801171
13.139206   175.898782
13.154206   185.095542
13.169206   187.424574
13.184206   187.909495
13.199206   188.258932
13.214206   187.910584
13.229206   185.493636
END PITCH
0.2670091409506412	NONE
Time_s   F0_Hz
13.236412   183.740840
13.251412   181.717477
13.266412   183.526050
13.281412   190.313256
13.296412   192.832670
13.311412   191.261845
13.326412   192.853419
13.341412   197.028121
13.356412   204.034502
13.371412   214.013773
13.386412   220.910633
13.401412   218.820356
13.416412   216.559321
13.431412   216.484075
13.446412   --undefined--
13.461412   --undefined--
13.476412   --undefined--
13.491412   --undefined--
END PITCH
0.07318446690191394	NONE
Time_s   F0_Hz
13.504014   225.563653
13.519014   212.035664
13.534014   199.128524
13.549014   189.744000
13.564014   197.077585
END PITCH
0.2249957723892564	NONE
Time_s   F0_Hz
13.578107   204.225579
13.593107   --undefined--
13.608107   --undefined--
13.623107   --undefined--
13.638107   --undefined--
13.653107   --undefined--
13.668107   298.506127
13.683107   295.631625
13.698107   292.342512
13.713107   286.709266
13.728107   279.811530
13.743107   268.395736
13.758107   247.443980
13.773107   234.190801
13.788107   230.778137
END PITCH
0.35639330346458387	NONE
Time_s   F0_Hz
13.801298   227.981784
13.816298   222.967064
13.831298   211.239054
13.846298   208.237672
13.861298   205.201838
13.876298   200.580215
13.891298   196.793698
13.906298   194.645920
13.921298   190.285351
13.936298   186.227227
13.951298   181.282939
13.966298   179.261847
13.981298   181.842270
13.996298   181.162948
14.011298   179.777624
14.026298   180.123363
14.041298   181.793053
14.056298   183.154971
14.071298   181.988950
14.086298   178.949384
14.101298   173.385209
14.116298   --undefined--
14.131298   --undefined--
14.146298   --undefined--
END PITCH
0.6030093893197339	NONE
Time_s   F0_Hz
14.153503   --undefined--
14.168503   --undefined--
14.183503   --undefined--
14.198503   --undefined--
14.213503   --undefined--
14.228503   --undefined--
14.243503   190.258954
14.258503   190.809251
14.273503   188.288986
14.288503   185.545228
14.303503   182.067715
14.318503   178.329574
14.333503   176.007979
14.348503   174.092395
14.363503   172.876607
14.378503   172.602375
14.393503   172.925612
14.408503   173.503446
14.423503   173.783849
14.438503   173.995915
14.453503   175.031074
14.468503   178.938462
14.483503   178.341161
14.498503   176.877859
14.513503   176.545723
14.528503   175.808677
14.543503   174.738911
14.558503   172.763613
14.573503   172.044758
14.588503   174.483045
14.603503   176.243309
14.618503   177.541740
14.633503   177.845127
14.648503   177.672664
14.663503   174.377969
14.678503   168.124074
14.693503   169.646645
14.708503   171.217491
14.723503   171.846299
14.738503   --undefined--
14.753503   --undefined--
END PITCH
0.16570635570393577	NONE
Time_s   F0_Hz
15.155357   --undefined--
15.170357   --undefined--
15.185357   --undefined--
15.200357   --undefined--
15.215357   --undefined--
15.230357   186.309713
15.245357   197.377957
15.260357   204.768844
15.275357   205.374944
15.290357   203.792070
15.305357   200.496798
15.320357   197.911275
END PITCH
0.1655968884784933	NONE
Time_s   F0_Hz
15.321003   197.980779
15.336003   201.906203
15.351003   202.134293
15.366003   --undefined--
15.381003   --undefined--
15.396003   219.461907
15.411003   213.121603
15.426003   209.204450
15.441003   205.458820
15.456003   198.757478
15.471003   193.090094
15.486003   188.392562
END PITCH
0.23159847992242177	NONE
Time_s   F0_Hz
15.489609   188.380943
15.504609   191.194980
15.519609   191.998537
15.534609   188.551195
15.549609   185.239754
15.564609   183.877294
15.579609   182.113347
15.594609   183.205414
15.609609   184.509552
15.624609   187.875580
15.639609   188.442726
15.654609   --undefined--
15.669609   --undefined--
15.684609   --undefined--
15.699609   --undefined--
15.714609   --undefined--
END PITCH
0.09173881273017415	NONE
Time_s   F0_Hz
15.718776   212.629896
15.733776   195.807387
15.748776   184.583977
15.763776   175.088372
15.778776   168.542342
15.793776   170.076591
15.808776   173.905006
END PITCH
0.09811799248357644	NONE
Time_s   F0_Hz
15.813696   175.336696
15.828696   176.534254
15.843696   174.043319
15.858696   171.068102
15.873696   173.292224
15.888696   172.212355
15.903696   174.424980
END PITCH
0.43242488527368295	NONE
Time_s   F0_Hz
15.913968   --undefined--
15.928968   218.677901
15.943968   220.629782
15.958968   221.955720
15.973968   222.255857
15.988968   219.412921
16.003968   216.180366
16.018968   213.453863
16.033968   211.185634
16.048968   209.405188
16.063968   206.636824
16.078968   203.337743
16.093968   202.613494
16.108968   203.373894
16.123968   205.499481
16.138968   --undefined--
16.153968   --undefined--
16.168968   --undefined--
16.183968   --undefined--
16.198968   --undefined--
16.213968   --undefined--
16.228968   --undefined--
16.243968   --undefined--
16.258968   --undefined--
16.273968   --undefined--
16.288968   --undefined--
16.303968   --undefined--
16.318968   --undefined--
16.333968   --undefined--
END PITCH
0.35081658540771343	NONE
Time_s   F0_Hz
16.343090   --undefined--
16.358090   --undefined--
16.373090   219.263438
16.388090   220.110144
16.403090   215.341819
16.418090   208.083681
16.433090   204.384369
16.448090   198.517113
16.463090   191.854344
16.478090   190.706630
16.493090   189.349324
16.508090   188.699218
16.523090   188.153032
16.538090   187.334479
16.553090   187.173341
16.568090   188.422265
16.583090   187.897118
16.598090   186.098874
16.613090   184.186666
16.628090   178.009334
16.643090   172.769370
16.658090   177.919884
16.673090   --undefined--
16.688090   --undefined--
END PITCH
0.25176452143595185	NONE
Time_s   F0_Hz
16.696882   --undefined--
16.711882   --undefined--
16.726882   --undefined--
16.741882   --undefined--
16.756882   194.926856
16.771882   195.936128
16.786882   194.510972
16.801882   195.229957
16.816882   198.789614
16.831882   200.326009
16.846882   202.899437
16.861882   205.537864
16.876882   208.558157
16.891882   212.306190
16.906882   213.687865
16.921882   218.815265
16.936882   222.062558
END PITCH
0.10619800456773021	NONE
Time_s   F0_Hz
16.943362   223.103325
16.958362   224.709603
16.973362   223.122458
16.988362   219.563817
17.003362   215.565800
17.018362   210.144073
17.033362   203.913994
17.048362   197.564867
END PITCH
0.1403973619708978	NONE
Time_s   F0_Hz
17.051661   196.438024
17.066661   196.346207
17.081661   198.892026
17.096661   197.432809
17.111661   195.442133
17.126661   193.736881
17.141661   191.454349
17.156661   186.723445
17.171661   181.264219
17.186661   182.624759
END PITCH
0.15119715904558007	NONE
Time_s   F0_Hz
17.189966   182.448344
17.204966   180.312018
17.219966   180.254762
17.234966   179.951208
17.249966   176.557429
17.264966   174.520745
17.279966   172.524519
17.294966   172.790918
17.309966   172.520141
17.324966   171.049750
17.339966   173.278130
END PITCH
0.24119546800128333	NONE
Time_s   F0_Hz
17.341156   173.681476
17.356156   177.565034
17.371156   180.816261
17.386156   187.190507
17.401156   192.192303
17.416156   196.101077
17.431156   207.754281
17.446156   222.320661
17.461156   234.098128
17.476156   243.006947
17.491156   247.435972
17.506156   247.720657
17.521156   244.049995
17.536156   239.036401
17.551156   231.604066
17.566156   226.984414
17.581156   222.317413
END PITCH
0.3092474849785596	NONE
Time_s   F0_Hz
17.586372   219.710918
17.601372   209.689652
17.616372   198.743890
17.631372   187.192717
17.646372   182.877369
17.661372   178.764126
17.676372   177.947277
17.691372   176.738529
17.706372   176.127336
17.721372   176.619863
17.736372   176.804383
17.751372   178.265800
17.766372   181.648708
17.781372   188.853921
17.796372   194.291393
17.811372   198.074432
17.826372   203.328387
17.841372   210.444039
17.856372   217.200975
17.871372   --undefined--
17.886372   --undefined--
END PITCH
0.49900226757369737	NONE
Time_s   F0_Hz
18.581003   --undefined--
18.596003   --undefined--
18.611003   192.311244
18.626003   190.600052
18.641003   188.389567
18.656003   187.647971
18.671003   187.856791
18.686003   188.228304
18.701003   188.573243
18.716003   187.963787
18.731003   186.300054
18.746003   184.497442
18.761003   182.356857
18.776003   180.944661
18.791003   181.131165
18.806003   181.976929
18.821003   181.685917
18.836003   181.320056
18.851003   180.591059
18.866003   178.013916
18.881003   181.389391
18.896003   183.648463
18.911003   184.200825
18.926003   185.761765
18.941003   187.640230
18.956003   189.341526
18.971003   190.504661
18.986003   193.246751
19.001003   195.373846
19.016003   192.585852
19.031003   187.649870
19.046003   185.026790
END PITCH
