#Each entry contains the duration of a syllable (in seconds), an optional label, and a pitch time series.
0.5445461050899134	NONE
Time_s   F0_Hz
0.179728   253.795084
0.194728   240.449965
0.209728   228.003460
0.224728   218.269847
0.239728   209.485778
0.254728   205.768769
0.269728   205.528250
0.284728   203.398821
0.299728   202.365642
0.314728   197.791700
0.329728   195.184652
0.344728   194.646481
0.359728   194.538821
0.374728   194.627653
0.389728   194.542967
0.404728   194.924526
0.419728   194.889549
0.434728   194.227505
0.449728   193.110393
0.464728   192.727985
0.479728   193.649346
0.494728   194.061651
0.509728   193.169932
0.524728   192.471526
0.539728   190.659936
0.554728   189.839483
0.569728   189.384779
0.584728   187.624891
0.599728   186.252416
0.614728   185.508612
0.629728   184.873094
0.644728   185.306028
0.659728   182.934884
0.674728   --undefined--
0.689728   --undefined--
0.704728   --undefined--
0.719728   --undefined--
END PITCH
0.5551913493756538	NONE
Time_s   F0_Hz
0.722092   --undefined--
0.737092   --undefined--
0.752092   --undefined--
0.767092   188.393715
0.782092   189.753254
0.797092   188.936720
0.812092   197.044125
0.827092   211.376474
0.842092   213.520780
0.857092   212.566719
0.872092   209.315922
0.887092   208.877280
0.902092   207.480887
0.917092   205.807214
0.932092   205.436608
0.947092   203.348054
0.962092   202.094534
0.977092   201.401347
0.992092   198.959914
1.007092   196.184133
1.022092   193.823860
1.037092   194.504130
1.052092   194.178629
1.067092   192.739685
1.082092   190.936155
1.097092   189.597629
1.112092   188.978577
1.127092   188.769870
1.142092   188.915816
1.157092   189.341580
1.172092   189.153142
1.187092   189.432733
1.202092   188.895026
1.217092   188.399060
1.232092   188.936197
1.247092   189.811715
1.262092   187.054689
1.277092   180.039919
END PITCH
0.17936409883375815	NONE
Time_s   F0_Hz
1.284371   177.810765
1.299371   179.851207
1.314371   178.660594
1.329371   179.619068
1.344371   183.820046
1.359371   177.366664
1.374371   187.047912
1.389371   188.023182
1.404371   185.537093
1.419371   184.430837
1.434371   177.632450
1.449371   175.028611
END PITCH
0.13769365162995562	NONE
Time_s   F0_Hz
1.457897   178.329447
1.472897   185.896801
1.487897   187.145740
1.502897   185.551363
1.517897   179.346740
1.532897   176.066842
1.547897   180.984790
1.562897   181.820052
1.577897   180.942493
1.592897   178.222028
END PITCH
0.14856420307442586	NONE
Time_s   F0_Hz
1.601026   --undefined--
1.616026   --undefined--
1.631026   --undefined--
1.646026   --undefined--
1.661026   --undefined--
1.676026   205.048273
1.691026   182.670556
1.706026   175.406301
1.721026   174.103940
1.736026   173.814849
END PITCH
0.13118669708620656	NONE
Time_s   F0_Hz
1.748401   173.464319
1.763401   176.848142
1.778401   175.092482
1.793401   172.739111
1.808401   170.009107
1.823401   164.113901
1.838401   163.574509
1.853401   164.116017
1.868401   163.457843
END PITCH
0.24	NONE
Time_s   F0_Hz
1.888991   --undefined--
1.903991   --undefined--
1.918991   --undefined--
1.933991   --undefined--
1.948991   --undefined--
1.963991   178.949928
1.978991   181.174740
1.993991   181.038179
2.008991   180.103782
2.023991   176.694547
2.038991   175.793170
2.053991   175.060719
2.068991   172.244191
2.083991   167.582404
2.098991   --undefined--
2.113991   55.701743
END PITCH
0.2879999999999998	NONE
Time_s   F0_Hz
2.115493   55.661346
2.130493   55.974661
2.145493   --undefined--
2.160493   172.707112
2.175493   173.610891
2.190493   176.320691
2.205493   176.861533
2.220493   174.242163
2.235493   173.132691
2.250493   173.183196
2.265493   172.784345
2.280493   170.712845
2.295493   169.528557
2.310493   167.958268
2.325493   164.813418
2.340493   164.184052
2.355493   163.227401
2.370493   163.051015
2.385493   165.960582
2.400493   168.447286
END PITCH
0.2560000000000002	NONE
Time_s   F0_Hz
2.402500   168.663321
2.417500   170.880574
2.432500   169.979737
2.447500   169.210347
2.462500   168.407479
2.477500   165.649491
2.492500   164.785214
2.507500   165.312059
2.522500   164.522960
2.537500   161.897077
2.552500   159.144385
2.567500   157.645181
2.582500   155.164953
2.597500   151.297177
2.612500   155.078237
2.627500   155.125057
2.642500   153.733904
2.657500   --undefined--
END PITCH
0.48013497126870597	NONE
Time_s   F0_Hz
2.658073   --undefined--
2.673073   --undefined--
2.688073   --undefined--
2.703073   --undefined--
2.718073   --undefined--
2.733073   --undefined--
2.748073   --undefined--
2.763073   --undefined--
2.778073   --undefined--
2.793073   --undefined--
2.808073   --undefined--
2.823073   --undefined--
2.838073   --undefined--
2.853073   --undefined--
2.868073   --undefined--
2.883073   --undefined--
2.898073   248.374509
2.913073   265.404871
2.928073   286.729784
2.943073   300.105535
2.958073   319.344968
2.973073   349.413699
2.988073   371.651761
3.003073   378.056970
3.018073   385.146411
3.033073   376.169565
3.048073   347.706053
3.063073   342.106399
3.078073   339.048592
3.093073   331.431111
3.108073   316.172674
3.123073   307.215300
3.138073   --undefined--
END PITCH
0.4073807097810471	NONE
Time_s   F0_Hz
3.139325   315.598702
3.154325   319.968106
3.169325   322.739824
3.184325   --undefined--
3.199325   202.270044
3.214325   200.686508
3.229325   195.021920
3.244325   189.317245
3.259325   189.135308
3.274325   192.443295
3.289325   191.328743
3.304325   186.568712
3.319325   184.011222
3.334325   180.096479
3.349325   175.957981
3.364325   175.406520
3.379325   175.323175
3.394325   86.867828
3.409325   85.634439
3.424325   --undefined--
3.439325   --undefined--
3.454325   --undefined--
3.469325   --undefined--
3.484325   --undefined--
3.499325   --undefined--
3.514325   --undefined--
3.529325   --undefined--
3.544325   --undefined--
END PITCH
0.3913398520009266	NONE
Time_s   F0_Hz
3.546179   --undefined--
3.561179   --undefined--
3.576179   --undefined--
3.591179   153.312556
3.606179   156.428327
3.621179   159.051065
3.636179   160.158146
3.651179   163.059647
3.666179   165.811704
3.681179   167.063523
3.696179   167.285510
3.711179   167.466166
3.726179   166.902463
3.741179   165.200359
3.756179   163.366990
3.771179   162.291621
3.786179   160.729160
3.801179   159.691421
3.816179   158.332298
3.831179   158.854007
3.846179   161.047598
3.861179   162.615888
3.876179   --undefined--
3.891179   --undefined--
3.906179   --undefined--
3.921179   --undefined--
3.936179   --undefined--
END PITCH
0.07091094213472537	NONE
Time_s   F0_Hz
4.343458   212.494579
4.358458   204.942074
4.373458   202.828548
4.388458   199.812749
4.403458   198.728036
END PITCH
0.19748168457454174	NONE
Time_s   F0_Hz
4.410153   201.053555
4.425153   201.638191
4.440153   199.291124
4.455153   198.319572
4.470153   196.269805
4.485153   192.848491
4.500153   186.701074
4.515153   181.094688
4.530153   --undefined--
4.545153   --undefined--
4.560153   --undefined--
4.575153   --undefined--
4.590153   --undefined--
4.605153   --undefined--
END PITCH
0.16849354738928835	NONE
Time_s   F0_Hz
4.608135   --undefined--
4.623135   --undefined--
4.638135   200.962267
4.653135   190.799814
4.668135   189.813462
4.683135   189.718837
4.698135   189.425319
4.713135   183.640322
4.728135   --undefined--
4.743135   --undefined--
4.758135   --undefined--
4.773135   --undefined--
END PITCH
0.17392882311152302	NONE
Time_s   F0_Hz
4.779348   --undefined--
4.794348   --undefined--
4.809348   213.163838
4.824348   193.859289
4.839348   187.940223
4.854348   184.344408
4.869348   180.811308
4.884348   177.700963
4.899348   180.020425
4.914348   181.173866
4.929348   181.045003
4.944348   212.318027
END PITCH
0.22100239871223248	NONE
Time_s   F0_Hz
4.954320   206.432789
4.969320   191.455498
4.984320   184.815222
4.999320   180.445007
5.014320   177.245235
5.029320   173.511153
5.044320   171.739483
5.059320   168.109414
5.074320   166.444877
5.089320   165.314275
5.104320   --undefined--
5.119320   --undefined--
5.134320   --undefined--
5.149320   --undefined--
5.164320   --undefined--
END PITCH
0.18842289170414972	NONE
Time_s   F0_Hz
5.322585   --undefined--
5.337585   194.168272
5.352585   179.326048
5.367585   177.177357
5.382585   179.517465
5.397585   184.427334
5.412585   188.189140
5.427585   187.456873
5.442585   184.831231
5.457585   181.959463
5.472585   180.771839
5.487585   179.615361
5.502585   178.519868
END PITCH
0.11051727301878067	NONE
Time_s   F0_Hz
5.509563   90.050743
5.524563   91.015216
5.539563   91.605108
5.554563   92.615245
5.569563   93.617081
5.584563   94.157520
5.599563   94.004624
5.614563   92.872947
END PITCH
0.18117585740783682	NONE
Time_s   F0_Hz
5.617914   184.782699
5.632914   179.854979
5.647914   177.948796
5.662914   183.867070
5.677914   190.140670
5.692914   190.023480
5.707914   188.141030
5.722914   187.998063
5.737914   187.240896
5.752914   186.731936
5.767914   185.466872
5.782914   182.121090
5.797914   175.927665
END PITCH
0.13950541020403406	NONE
Time_s   F0_Hz
5.800754   175.415142
5.815754   176.902415
5.830754   185.802760
5.845754   186.842788
5.860754   182.771138
5.875754   183.414047
5.890754   184.775388
5.905754   183.916735
5.920754   182.480336
5.935754   179.629342
END PITCH
0.1413171687781123	NONE
Time_s   F0_Hz
5.941162   178.056907
5.956162   172.711226
5.971162   165.938174
5.986162   161.855170
6.001162   158.675956
6.016162   155.684017
6.031162   157.167153
6.046162   161.030912
6.061162   166.872734
6.076162   163.856783
END PITCH
0.4741829549606882	NONE
Time_s   F0_Hz
6.083906   160.114037
6.098906   153.140697
6.113906   155.493772
6.128906   166.460493
6.143906   174.485517
6.158906   174.203716
6.173906   163.916696
6.188906   151.817697
6.203906   145.067413
6.218906   138.698566
6.233906   137.041419
6.248906   137.686655
6.263906   139.799601
6.278906   --undefined--
6.293906   --undefined--
6.308906   --undefined--
6.323906   248.927036
6.338906   279.245035
6.353906   290.982581
6.368906   294.979672
6.383906   290.235937
6.398906   --undefined--
6.413906   --undefined--
6.428906   --undefined--
6.443906   --undefined--
6.458906   --undefined--
6.473906   --undefined--
6.488906   --undefined--
6.503906   --undefined--
6.518906   --undefined--
6.533906   --undefined--
6.548906   --undefined--
END PITCH
0.38399999999999945	NONE
Time_s   F0_Hz
7.398498   --undefined--
7.413498   --undefined--
7.428498   --undefined--
7.443498   --undefined--
7.458498   --undefined--
7.473498   --undefined--
7.488498   --undefined--
7.503498   --undefined--
7.518498   223.667618
7.533498   209.134947
7.548498   189.579894
7.563498   183.861794
7.578498   183.445205
7.593498   184.508439
7.608498   188.548962
7.623498   191.495629
7.638498   180.375344
7.653498   174.916027
7.668498   172.633322
7.683498   171.220877
7.698498   169.760259
7.713498   167.356240
7.728498   165.601813
7.743498   164.990698
7.758498   162.874581
7.773498   160.089305
END PITCH
0.23131132255360765	NONE
Time_s   F0_Hz
7.781151   161.711770
7.796151   163.707697
7.811151   163.145781
7.826151   163.974457
7.841151   166.663782
7.856151   168.683797
7.871151   169.592918
7.886151   169.618106
7.901151   170.066864
7.916151   170.804536
7.931151   172.679409
7.946151   174.704102
7.961151   173.169054
7.976151   175.174250
7.991151   180.044237
8.006151   180.652186
END PITCH
0.37141050768606476	NONE
Time_s   F0_Hz
8.015011   176.328529
8.030011   176.786725
8.045011   174.460994
8.060011   175.743573
8.075011   --undefined--
8.090011   --undefined--
8.105011   --undefined--
8.120011   185.803687
8.135011   192.240164
8.150011   184.978473
8.165011   178.224795
8.180011   180.657536
8.195011   181.967684
8.210011   184.013916
8.225011   185.769780
8.240011   186.111693
8.255011   185.111949
8.270011   180.939248
8.285011   176.078273
8.300011   173.979626
8.315011   171.609015
8.330011   161.973413
8.345011   170.867034
8.360011   177.054959
8.375011   189.927808
END PITCH
0.43727816976032763	NONE
Time_s   F0_Hz
8.381865   197.209553
8.396865   188.324328
8.411865   175.661559
8.426865   171.981480
8.441865   168.430604
8.456865   164.900841
8.471865   162.815246
8.486865   164.986176
8.501865   163.095096
8.516865   --undefined--
8.531865   --undefined--
8.546865   --undefined--
8.561865   --undefined--
8.576865   --undefined--
8.591865   --undefined--
8.606865   --undefined--
8.621865   --undefined--
8.636865   --undefined--
8.651865   --undefined--
8.666865   --undefined--
8.681865   --undefined--
8.696865   --undefined--
8.711865   --undefined--
8.726865   --undefined--
8.741865   --undefined--
8.756865   --undefined--
8.771865   --undefined--
8.786865   --undefined--
8.801865   --undefined--
8.816865   --undefined--
END PITCH
0.36947085774304256	NONE
Time_s   F0_Hz
8.822732   --undefined--
8.837732   --undefined--
8.852732   --undefined--
8.867732   --undefined--
8.882732   --undefined--
8.897732   --undefined--
8.912732   --undefined--
8.927732   --undefined--
8.942732   199.353061
8.957732   196.950128
8.972732   187.340877
8.987732   177.225354
9.002732   171.210488
9.017732   163.593939
9.032732   159.037361
9.047732   155.652676
9.062732   153.191672
9.077732   154.436346
9.092732   155.912129
9.107732   157.328685
9.122732   157.901804
9.137732   160.417929
9.152732   --undefined--
9.167732   --undefined--
9.182732   --undefined--
END PITCH
0.3985291422569581	NONE
Time_s   F0_Hz
9.191723   --undefined--
9.206723   --undefined--
9.221723   --undefined--
9.236723   --undefined--
9.251723   --undefined--
9.266723   --undefined--
9.281723   --undefined--
9.296723   186.349017
9.311723   178.595388
9.326723   163.111560
9.341723   157.430208
9.356723   --undefined--
9.371723   --undefined--
9.386723   --undefined--
9.401723   150.785518
9.416723   159.896313
9.431723   162.749528
9.446723   160.443128
9.461723   154.206798
9.476723   --undefined--
9.491723   --undefined--
9.506723   --undefined--
9.521723   --undefined--
9.536723   --undefined--
9.551723   --undefined--
9.566723   --undefined--
9.581723   --undefined--
END PITCH
0.13953100691898612	NONE
Time_s   F0_Hz
9.588260   --undefined--
9.603260   --undefined--
9.618260   --undefined--
9.633260   --undefined--
9.648260   184.576442
9.663260   182.758106
9.678260   176.979077
9.693260   174.671562
9.708260   172.690896
9.723260   169.324437
END PITCH
0.14846899308101413	NONE
Time_s   F0_Hz
9.732262   167.715254
9.747262   165.628486
9.762262   156.031035
9.777262   146.643777
9.792262   145.004382
9.807262   144.546396
9.822262   148.207721
9.837262   142.784326
9.852262   145.746852
9.867262   150.240143
END PITCH
0.2240000000000002	NONE
Time_s   F0_Hz
9.880998   152.029928
9.895998   165.493270
9.910998   161.520080
9.925998   157.297525
9.940998   --undefined--
9.955998   --undefined--
9.970998   --undefined--
9.985998   --undefined--
10.000998   --undefined--
10.015998   --undefined--
10.030998   --undefined--
10.045998   --undefined--
10.060998   --undefined--
10.075998   --undefined--
10.090998   --undefined--
END PITCH
0.24650479098599476	NONE
Time_s   F0_Hz
10.101247   --undefined--
10.116247   --undefined--
10.131247   --undefined--
10.146247   --undefined--
10.161247   --undefined--
10.176247   --undefined--
10.191247   --undefined--
10.206247   330.854251
10.221247   335.044129
10.236247   337.448959
10.251247   335.293743
10.266247   330.713620
10.281247   318.834393
10.296247   312.594744
10.311247   309.879387
10.326247   305.099110
10.341247   302.221664
END PITCH
0.2608932346672841	NONE
Time_s   F0_Hz
10.347443   304.333182
10.362443   306.108140
10.377443   305.500693
10.392443   310.367626
10.407443   305.307855
10.422443   300.146554
10.437443   294.912380
10.452443   287.570439
10.467443   283.321656
10.482443   282.178433
10.497443   277.775827
10.512443   272.608344
10.527443   270.453659
10.542443   272.035928
10.557443   271.254684
10.572443   --undefined--
10.587443   --undefined--
10.602443   --undefined--
END PITCH
0.2286019743467218	NONE
Time_s   F0_Hz
10.607194   --undefined--
10.622194   296.953254
10.637194   295.290107
10.652194   288.600817
10.667194   283.396505
10.682194   281.484004
10.697194   280.038907
10.712194   277.803024
10.727194   276.232160
10.742194   273.172955
10.757194   269.299363
10.772194   263.782003
10.787194   255.353068
10.802194   255.649864
10.817194   264.238366
10.832194   247.679356
END PITCH
0.16092611908012877	NONE
Time_s   F0_Hz
10.839456   243.164490
10.854456   --undefined--
10.869456   --undefined--
10.884456   177.281344
10.899456   168.216071
10.914456   163.720431
10.929456   167.593548
10.944456   171.025381
10.959456   176.326467
10.974456   172.835638
10.989456   --undefined--
END PITCH
0.07907388091986967	NONE
Time_s   F0_Hz
10.996956   --undefined--
11.011956   --undefined--
11.026956   --undefined--
11.041956   --undefined--
11.056956   --undefined--
11.071956   --undefined--
END PITCH
0.2564519868405011	NONE
Time_s   F0_Hz
11.074722   --undefined--
11.089722   --undefined--
11.104722   --undefined--
11.119722   --undefined--
11.134722   --undefined--
11.149722   --undefined--
11.164722   --undefined--
11.179722   --undefined--
11.194722   --undefined--
11.209722   135.751356
11.224722   135.418489
11.239722   137.177270
11.254722   143.965234
11.269722   152.424902
11.284722   152.232082
11.299722   149.924489
11.314722   152.983725
11.329722   151.921742
END PITCH
0.18842289170414972	NONE
Time_s   F0_Hz
11.334660   --undefined--
11.349660   --undefined--
11.364660   --undefined--
11.379660   --undefined--
11.394660   --undefined--
11.409660   --undefined--
11.424660   --undefined--
11.439660   --undefined--
11.454660   --undefined--
11.469660   --undefined--
11.484660   --undefined--
11.499660   --undefined--
11.514660   --undefined--
END PITCH
0.16305827166705278	NONE
Time_s   F0_Hz
11.525397   --undefined--
11.540397   --undefined--
11.555397   --undefined--
11.570397   --undefined--
11.585397   --undefined--
11.600397   --undefined--
11.615397   --undefined--
11.630397   --undefined--
11.645397   --undefined--
11.660397   --undefined--
11.675397   --undefined--
END PITCH
0.15581123737073987	NONE
Time_s   F0_Hz
11.684830   --undefined--
11.699830   263.041268
11.714830   257.696819
11.729830   257.546987
11.744830   263.345170
11.759830   265.274147
11.774830   263.437137
11.789830   263.311380
11.804830   261.126162
11.819830   257.462428
11.834830   255.200629
END PITCH
0.16425561241755737	NONE
Time_s   F0_Hz
11.844864   254.744046
11.859864   254.615283
11.874864   254.808841
11.889864   253.217365
11.904864   250.396295
11.919864   243.127761
11.934864   237.671657
11.949864   246.100761
11.964864   244.941434
11.979864   244.833225
11.994864   244.421922
END PITCH
0.16000000000000014	NONE
Time_s   F0_Hz
12.006995   249.492391
12.021995   279.452101
12.036995   268.361781
12.051995   261.470512
12.066995   254.604969
12.081995   247.416884
12.096995   241.978264
12.111995   236.081292
12.126995   236.446230
12.141995   242.526346
12.156995   242.863182
END PITCH
0.1280000000000001	NONE
Time_s   F0_Hz
12.165998   243.464355
12.180998   258.336381
12.195998   249.832782
12.210998   243.423608
12.225998   242.076163
12.240998   238.687926
12.255998   235.330280
12.270998   233.821773
12.285998   231.760355
END PITCH
0.3999999999999986	NONE
Time_s   F0_Hz
12.295000   232.417720
12.310000   235.886509
12.325000   237.773472
12.340000   236.994829
12.355000   235.428172
12.370000   232.774761
12.385000   230.734831
12.400000   230.542520
12.415000   230.129778
12.430000   229.538631
12.445000   229.446556
12.460000   230.063360
12.475000   231.924068
12.490000   233.399690
12.505000   238.075829
12.520000   240.966252
12.535000   245.381569
12.550000   249.830309
12.565000   244.965411
12.580000   240.282956
12.595000   238.787697
12.610000   241.634969
12.625000   --undefined--
12.640000   --undefined--
12.655000   --undefined--
12.670000   --undefined--
12.685000   --undefined--
END PITCH
0.5919999999999987	NONE
Time_s   F0_Hz
13.221502   --undefined--
13.236502   --undefined--
13.251502   173.371906
13.266502   173.384710
13.281502   173.956248
13.296502   173.464200
13.311502   173.038630
13.326502   171.974245
13.341502   168.019146
13.356502   163.518356
13.371502   164.503399
13.386502   165.636371
13.401502   164.535896
13.416502   168.284212
13.431502   172.137769
13.446502   172.591482
13.461502   171.505702
13.476502   170.553837
13.491502   168.997708
13.506502   167.490477
13.521502   165.618022
13.536502   164.005867
13.551502   160.726630
13.566502   159.869695
13.581502   --undefined--
13.596502   --undefined--
13.611502   --undefined--
13.626502   --undefined--
13.641502   --undefined--
13.656502   --undefined--
13.671502   --undefined--
13.686502   --undefined--
13.701502   --undefined--
13.716502   --undefined--
13.731502   --undefined--
13.746502   --undefined--
13.761502   --undefined--
13.776502   --undefined--
13.791502   --undefined--
13.806502   --undefined--
END PITCH
0.2771990618339899	NONE
Time_s   F0_Hz
13.903277   --undefined--
13.918277   184.370711
13.933277   178.335881
13.948277   174.660381
13.963277   171.516975
13.978277   176.137803
13.993277   189.091206
14.008277   187.362094
14.023277   181.411409
14.038277   176.563728
14.053277   170.565111
14.068277   162.207106
14.083277   160.200929
14.098277   158.394187
14.113277   158.801019
14.128277   --undefined--
14.143277   --undefined--
14.158277   --undefined--
14.173277   --undefined--
END PITCH
0.13950541020403406	NONE
Time_s   F0_Hz
14.179121   --undefined--
14.194121   --undefined--
14.209121   --undefined--
14.224121   202.356194
14.239121   199.313260
14.254121   190.740201
14.269121   185.384739
14.284121   185.687814
14.299121   182.186692
14.314121   176.385659
END PITCH
0.13361742933041576	NONE
Time_s   F0_Hz
14.323186   176.864809
14.338186   182.039893
14.353186   177.260527
14.368186   169.973632
14.383186   168.316904
14.398186   166.695053
14.413186   162.667207
14.428186   164.594691
14.443186   169.583850
END PITCH
0.2560000000000002	NONE
Time_s   F0_Hz
14.450493   171.903369
14.465493   169.483531
14.480493   --undefined--
14.495493   --undefined--
14.510493   --undefined--
14.525493   --undefined--
14.540493   --undefined--
14.555493   218.486874
14.570493   191.353742
14.585493   175.589217
14.600493   172.182482
14.615493   167.328945
14.630493   165.866054
14.645493   --undefined--
14.660493   --undefined--
14.675493   --undefined--
14.690493   --undefined--
14.705493   --undefined--
END PITCH
0.3627119493719544	NONE
Time_s   F0_Hz
14.707347   --undefined--
14.722347   --undefined--
14.737347   --undefined--
14.752347   223.919562
14.767347   218.248460
14.782347   223.770861
14.797347   234.831804
14.812347   249.967288
14.827347   276.027002
14.842347   295.593438
14.857347   317.700208
14.872347   337.526481
14.887347   361.778654
14.902347   369.841640
14.917347   364.893537
14.932347   356.142053
14.947347   345.855456
14.962347   350.566774
14.977347   361.130351
14.992347   --undefined--
15.007347   --undefined--
15.022347   --undefined--
15.037347   --undefined--
15.052347   --undefined--
15.067347   --undefined--
END PITCH
0.10840848770684097	NONE
Time_s   F0_Hz
15.363702   257.201991
15.378702   232.092494
15.393702   194.168635
15.408702   183.090448
15.423702   180.539395
15.438702   --undefined--
15.453702   60.432163
15.468702   60.910071
END PITCH
0.2771990618339899	NONE
Time_s   F0_Hz
15.474002   --undefined--
15.489002   --undefined--
15.504002   --undefined--
15.519002   --undefined--
15.534002   --undefined--
15.549002   --undefined--
15.564002   163.497163
15.579002   176.377082
15.594002   177.168099
15.609002   171.405443
15.624002   165.241867
15.639002   160.508088
15.654002   155.535874
15.669002   152.736913
15.684002   --undefined--
15.699002   --undefined--
15.714002   174.425265
15.729002   170.193332
15.744002   154.965963
END PITCH
0.12319958303732825	NONE
Time_s   F0_Hz
15.749195   153.009295
15.764195   155.742369
15.779195   155.909491
15.794195   154.035611
15.809195   --undefined--
15.824195   --undefined--
15.839195   --undefined--
15.854195   --undefined--
15.869195   --undefined--
END PITCH
0.11519286742183965	NONE
Time_s   F0_Hz
15.875890   --undefined--
15.890890   --undefined--
15.905890   --undefined--
15.920890   161.714397
15.935890   163.273620
15.950890   159.218006
15.965890   146.418573
15.980890   138.411629
END PITCH
0.1600000000000037	NONE
Time_s   F0_Hz
15.990986   --undefined--
16.005986   --undefined--
16.020986   --undefined--
16.035986   --undefined--
16.050986   --undefined--
16.065986   184.856545
16.080986   172.053746
16.095986   167.422310
16.110986   166.961711
16.125986   161.149690
16.140986   156.877585
END PITCH
0.19200000000000017	NONE
Time_s   F0_Hz
16.151995   162.152108
16.166995   168.157010
16.181995   173.134696
16.196995   170.281245
16.211995   162.361902
16.226995   155.283566
16.241995   146.573735
16.256995   147.206767
16.271995   142.161217
16.286995   147.655950
16.301995   148.079930
16.316995   145.947824
16.331995   --undefined--
END PITCH
0.1814167020982147	NONE
Time_s   F0_Hz
16.338707   --undefined--
16.353707   --undefined--
16.368707   --undefined--
16.383707   --undefined--
16.398707   191.601738
16.413707   178.909453
16.428707   175.040770
16.443707   174.751253
16.458707   177.720860
16.473707   179.755173
16.488707   172.466846
16.503707   160.734635
16.518707   157.955621
END PITCH
0.10689375587062244	NONE
Time_s   F0_Hz
16.520357   158.094885
16.535357   161.066950
16.550357   163.084476
16.565357   162.636656
16.580357   159.668972
16.595357   155.622982
16.610357   144.500534
16.625357   --undefined--
END PITCH
0.11414079016693535	NONE
Time_s   F0_Hz
16.630879   --undefined--
16.645879   --undefined--
16.660879   --undefined--
16.675879   156.378189
16.690879   154.732373
16.705879   153.175160
16.720879   152.844514
16.735879   151.636976
END PITCH
0.5181629521864153	NONE
Time_s   F0_Hz
16.744535   --undefined--
16.759535   --undefined--
16.774535   --undefined--
16.789535   --undefined--
16.804535   --undefined--
16.819535   --undefined--
16.834535   --undefined--
16.849535   93.889264
16.864535   96.175881
16.879535   104.914791
16.894535   109.900556
16.909535   115.075592
16.924535   246.470073
16.939535   261.706058
16.954535   270.685743
16.969535   275.785374
16.984535   276.125567
16.999535   272.893629
17.014535   273.731263
17.029535   --undefined--
17.044535   --undefined--
17.059535   --undefined--
17.074535   --undefined--
17.089535   --undefined--
17.104535   --undefined--
17.119535   --undefined--
17.134535   --undefined--
17.149535   --undefined--
17.164535   --undefined--
17.179535   --undefined--
17.194535   --undefined--
17.209535   --undefined--
17.224535   --undefined--
17.239535   --undefined--
17.254535   --undefined--
END PITCH
0.6894503643107903	NONE
Time_s   F0_Hz
17.265833   --undefined--
17.280833   --undefined--
17.295833   --undefined--
17.310833   --undefined--
17.325833   175.162502
17.340833   172.607739
17.355833   171.728485
17.370833   170.236707
17.385833   169.508029
17.400833   169.698739
17.415833   171.206868
17.430833   171.745883
17.445833   171.034005
17.460833   170.915746
17.475833   171.781968
17.490833   172.895288
17.505833   171.605462
17.520833   170.918249
17.535833   172.334591
17.550833   173.109806
17.565833   172.128631
17.580833   171.338027
17.595833   176.358051
17.610833   179.465899
17.625833   179.679520
17.640833   179.457003
17.655833   179.144847
17.670833   178.998087
17.685833   178.909853
17.700833   179.851514
17.715833   182.846676
17.730833   181.677792
17.745833   180.212157
17.760833   181.096767
17.775833   179.140179
17.790833   181.115317
17.805833   179.977440
17.820833   --undefined--
17.835833   --undefined--
17.850833   --undefined--
17.865833   --undefined--
17.880833   --undefined--
17.895833   --undefined--
17.910833   --undefined--
17.925833   --undefined--
17.940833   --undefined--
END PITCH
0.18926409733031946	NONE
Time_s   F0_Hz
18.662630   --undefined--
18.677630   --undefined--
18.692630   --undefined--
18.707630   --undefined--
18.722630   232.992311
18.737630   211.860700
18.752630   194.374288
18.767630   198.171330
18.782630   207.825012
18.797630   201.485105
18.812630   200.518611
18.827630   179.153475
18.842630   190.611098
END PITCH
0.18117585740783682	NONE
Time_s   F0_Hz
18.847846   --undefined--
18.862846   --undefined--
18.877846   193.064683
18.892846   196.194790
18.907846   --undefined--
18.922846   --undefined--
18.937846   180.848970
18.952846   193.671003
18.967846   195.914093
18.982846   187.273982
18.997846   184.967599
19.012846   186.329776
19.027846   186.979493
END PITCH
0.16487003024112923	NONE
Time_s   F0_Hz
19.035873   93.723980
19.050873   94.175666
19.065873   94.225000
19.080873   93.874819
19.095873   93.794390
19.110873   93.975946
19.125873   93.900159
19.140873   183.481145
19.155873   177.130205
19.170873   173.082366
19.185873   178.490353
END PITCH
0.3859045762786941	NONE
Time_s   F0_Hz
19.198759   178.157441
19.213759   177.751113
19.228759   178.421296
19.243759   --undefined--
19.258759   --undefined--
19.273759   --undefined--
19.288759   221.437521
19.303759   204.145831
19.318759   199.502569
19.333759   196.890388
19.348759   193.184005
19.363759   189.658847
19.378759   188.170829
19.393759   185.181311
19.408759   185.235508
19.423759   185.506259
19.438759   185.150527
19.453759   184.610625
19.468759   183.523341
19.483759   182.482054
19.498759   182.565292
19.513759   182.989804
19.528759   182.854827
19.543759   182.120403
19.558759   181.738368
19.573759   181.588439
END PITCH
0.0833408944076055	NONE
Time_s   F0_Hz
19.583373   --undefined--
19.598373   --undefined--
19.613373   192.354704
19.628373   186.165305
19.643373   182.134159
19.658373   182.848307
END PITCH
0.14494068592626874	NONE
Time_s   F0_Hz
19.667511   183.489111
19.682511   182.601703
19.697511   182.275365
19.712511   180.106893
19.727511   176.838928
19.742511   174.613718
19.757511   173.326942
19.772511   171.243259
19.787511   --undefined--
19.802511   --undefined--
END PITCH
0.2572697175191294	NONE
Time_s   F0_Hz
19.808622   --undefined--
19.823622   --undefined--
19.838622   --undefined--
19.853622   --undefined--
19.868622   --undefined--
19.883622   190.198657
19.898622   182.602564
19.913622   175.512681
19.928622   173.501418
19.943622   173.237064
19.958622   172.531276
19.973622   173.533651
19.988622   178.862573
20.003622   183.886929
20.018622   189.451111
20.033622   201.028484
20.048622   215.427294
20.063622   228.733813
END PITCH
0.318454682831252	NONE
Time_s   F0_Hz
20.066491   231.971102
20.081491   248.872249
20.096491   270.355853
20.111491   284.610976
20.126491   296.900915
20.141491   302.637539
20.156491   301.061530
20.171491   293.539046
20.186491   280.045823
20.201491   273.819061
20.216491   269.077284
20.231491   265.522186
20.246491   262.999683
20.261491   260.608799
20.276491   259.247616
20.291491   258.689342
20.306491   253.666759
20.321491   250.012390
20.336491   247.239659
20.351491   243.290726
20.366491   238.997864
20.381491   233.989205
END PITCH
0.1413171687781123	NONE
Time_s   F0_Hz
20.386378   232.317138
20.401378   225.048062
20.416378   226.690628
20.431378   225.536725
20.446378   215.806460
20.461378   204.651093
20.476378   198.563881
20.491378   192.027076
20.506378   187.327511
20.521378   191.466807
END PITCH
0.1311323790384229	NONE
Time_s   F0_Hz
20.530102   195.352932
20.545102   195.889257
20.560102   193.379083
20.575102   195.579518
20.590102   --undefined--
20.605102   208.775272
20.620102   205.532912
20.635102   191.605956
20.650102   187.401476
END PITCH
0.056244111854063306	NONE
Time_s   F0_Hz
20.661287   186.917722
20.676287   186.607485
20.691287   184.985228
20.706287   183.298088
END PITCH
0.1380857983871664	NONE
Time_s   F0_Hz
20.713452   183.730504
20.728452   182.721572
20.743452   179.378409
20.758452   178.002996
20.773452   175.507182
20.788452   175.391815
20.803452   180.307164
20.818452   178.001386
20.833452   180.516034
20.848452   181.113070
END PITCH
0.11200000000000188	NONE
Time_s   F0_Hz
20.853498   180.860408
20.868498   210.272358
20.883498   193.425054
20.898498   177.868634
20.913498   173.191921
20.928498   168.922553
20.943498   164.345355
20.958498   170.452799
END PITCH
0.13922437707413593	NONE
Time_s   F0_Hz
20.964110   177.369557
20.979110   182.359993
20.994110   182.099745
21.009110   183.596204
21.024110   189.181355
21.039110   192.422577
21.054110   191.254274
21.069110   187.564434
21.084110   185.268545
21.099110   172.596115
END PITCH
0.18117585740783682	NONE
Time_s   F0_Hz
21.101814   --undefined--
21.116814   --undefined--
21.131814   --undefined--
21.146814   --undefined--
21.161814   --undefined--
21.176814   --undefined--
21.191814   --undefined--
21.206814   --undefined--
21.221814   --undefined--
21.236814   --undefined--
21.251814   --undefined--
21.266814   --undefined--
21.281814   --undefined--
END PITCH
0.1613651152397999	NONE
Time_s   F0_Hz
21.478311   205.029407
21.493311   190.349521
21.508311   184.222236
21.523311   180.012990
21.538311   179.287419
21.553311   178.334325
21.568311   177.919209
21.583311   174.625033
21.598311   168.471121
21.613311   --undefined--
21.628311   --undefined--
END PITCH
0.1375823829032896	NONE
Time_s   F0_Hz
21.635289   --undefined--
21.650289   --undefined--
21.665289   170.811093
21.680289   173.423542
21.695289   175.662877
21.710289   176.539195
21.725289   176.379724
21.740289   175.531484
21.755289   176.236520
21.770289   177.433711
END PITCH
0.11776430731509535	NONE
Time_s   F0_Hz
21.777965   177.201744
21.792965   174.582579
21.807965   170.694181
21.822965   167.143191
21.837965   159.612597
21.852965   156.670080
21.867965   156.855318
21.882965   156.365975
END PITCH
0.12865330978161538	NONE
Time_s   F0_Hz
21.893673   53.825263
21.908673   53.845169
21.923673   53.265009
21.938673   53.667555
21.953673   55.188597
21.968673   --undefined--
21.983673   161.436610
21.998673   161.306107
22.013673   167.647410
END PITCH
0.2300748878859018	NONE
Time_s   F0_Hz
22.020539   --undefined--
22.035539   --undefined--
22.050539   231.806074
22.065539   223.586110
22.080539   224.140982
22.095539   228.567567
22.110539   231.899140
22.125539   235.372323
22.140539   239.203546
22.155539   242.290628
22.170539   242.493463
22.185539   239.679542
22.200539   237.146315
22.215539   235.047626
22.230539   232.358280
22.245539   226.764265
END PITCH
0.3106876195712296	NONE
Time_s   F0_Hz
22.253413   225.126143
22.268413   223.912514
22.283413   218.708678
22.298413   202.837814
22.313413   196.013480
22.328413   186.209339
22.343413   180.428373
22.358413   172.484514
22.373413   169.462064
22.388413   168.126945
22.403413   167.216735
22.418413   168.141545
22.433413   169.139334
22.448413   169.897478
22.463413   171.341877
22.478413   169.191054
22.493413   85.982835
22.508413   88.526926
22.523413   92.082295
22.538413   90.592907
22.553413   91.083093
END PITCH
0.279527282446562	NONE
Time_s   F0_Hz
22.688526   --undefined--
22.703526   --undefined--
22.718526   --undefined--
22.733526   --undefined--
22.748526   --undefined--
22.763526   --undefined--
22.778526   --undefined--
22.793526   204.272503
22.808526   183.479013
22.823526   174.701472
22.838526   168.025930
22.853526   --undefined--
22.868526   --undefined--
22.883526   --undefined--
22.898526   --undefined--
22.913526   --undefined--
22.928526   --undefined--
22.943526   --undefined--
22.958526   --undefined--
END PITCH
0.1558112373707381	NONE
Time_s   F0_Hz
22.966202   --undefined--
22.981202   --undefined--
22.996202   --undefined--
23.011202   --undefined--
23.026202   --undefined--
23.041202   --undefined--
23.056202   --undefined--
23.071202   --undefined--
23.086202   179.814484
23.101202   177.056137
23.116202   174.872768
END PITCH
0.23734037320426893	NONE
Time_s   F0_Hz
23.125278   173.458532
23.140278   169.913958
23.155278   165.030285
23.170278   163.628856
23.185278   159.924742
23.200278   157.201598
23.215278   152.994181
23.230278   157.304478
23.245278   158.541760
23.260278   154.144943
23.275278   161.010421
23.290278   160.438495
23.305278   159.718813
23.320278   162.218066
23.335278   156.989300
23.350278   149.247038
END PITCH
0.3255472579098928	NONE
Time_s   F0_Hz
23.361718   --undefined--
23.376718   --undefined--
23.391718   152.370358
23.406718   148.907592
23.421718   --undefined--
23.436718   --undefined--
23.451718   --undefined--
23.466718   --undefined--
23.481718   --undefined--
23.496718   167.445281
23.511718   168.576038
23.526718   166.967621
23.541718   --undefined--
23.556718   --undefined--
23.571718   --undefined--
23.586718   --undefined--
23.601718   --undefined--
23.616718   --undefined--
23.631718   --undefined--
23.646718   --undefined--
23.661718   --undefined--
23.676718   --undefined--
END PITCH
0.28320362298043733	NONE
Time_s   F0_Hz
23.688594   --undefined--
23.703594   246.770388
23.718594   226.139556
23.733594   214.158525
23.748594   209.888013
23.763594   212.237337
23.778594   220.588790
23.793594   231.085509
23.808594   240.021639
23.823594   249.543654
23.838594   248.721553
23.853594   243.873462
23.868594   246.129120
23.883594   242.171896
23.898594   244.047389
23.913594   243.610753
23.928594   242.220061
23.943594   --undefined--
23.958594   --undefined--
END PITCH
0.313434233315558	NONE
Time_s   F0_Hz
23.971916   --undefined--
23.986916   --undefined--
24.001916   184.006814
24.016916   193.645209
24.031916   197.779469
24.046916   193.882667
24.061916   179.952669
24.076916   175.054938
24.091916   173.431438
24.106916   172.976217
24.121916   173.482751
24.136916   172.162132
24.151916   --undefined--
24.166916   --undefined--
24.181916   --undefined--
24.196916   --undefined--
24.211916   186.784374
24.226916   168.981511
24.241916   160.975308
24.256916   162.746728
24.271916   --undefined--
END PITCH
0.3793621437040038	NONE
Time_s   F0_Hz
24.280822   191.630441
24.295822   174.979609
24.310822   169.157412
24.325822   164.456250
24.340822   158.292411
24.355822   156.026678
24.370822   153.147348
24.385822   151.800767
24.400822   150.479487
24.415822   147.600088
24.430822   140.813637
24.445822   139.232505
24.460822   139.925811
24.475822   --undefined--
24.490822   --undefined--
24.505822   --undefined--
24.520822   --undefined--
24.535822   --undefined--
24.550822   --undefined--
24.565822   --undefined--
24.580822   --undefined--
24.595822   --undefined--
24.610822   --undefined--
24.625822   --undefined--
24.640822   --undefined--
24.655822   --undefined--
END PITCH
0.13805412131063832	NONE
Time_s   F0_Hz
24.659529   --undefined--
24.674529   --undefined--
24.689529   --undefined--
24.704529   --undefined--
24.719529   --undefined--
24.734529   --undefined--
24.749529   --undefined--
24.764529   177.926063
24.779529   174.979947
24.794529   175.598867
END PITCH
0.11414079016693535	NONE
Time_s   F0_Hz
24.800618   175.622947
24.815618   177.149251
24.830618   178.913862
24.845618   181.634358
24.860618   184.411468
24.875618   184.317314
24.890618   181.917485
24.905618   174.913873
END PITCH
0.11580508852242843	NONE
Time_s   F0_Hz
24.915584   169.635591
24.930584   174.640365
24.945584   178.664153
24.960584   179.859163
24.975584   173.164950
24.990584   170.859648
25.005584   171.719487
25.020584   172.179162
END PITCH
0.15958221473748324	NONE
Time_s   F0_Hz
25.030782   179.995169
25.045782   171.757885
25.060782   165.867540
25.075782   161.859791
25.090782   --undefined--
25.105782   --undefined--
25.120782   --undefined--
25.135782   --undefined--
25.150782   --undefined--
25.165782   --undefined--
25.180782   --undefined--
END PITCH
0.22961465414019244	NONE
Time_s   F0_Hz
25.187885   --undefined--
25.202885   --undefined--
25.217885   --undefined--
25.232885   --undefined--
25.247885   --undefined--
25.262885   --undefined--
25.277885   183.792392
25.292885   169.838461
25.307885   160.497764
25.322885   156.091288
25.337885   155.166970
25.352885   152.233863
25.367885   151.018223
25.382885   151.185738
25.397885   152.327965
25.412885   154.503343
END PITCH
0.1887985959749301	NONE
Time_s   F0_Hz
25.419592   155.508959
25.434592   157.885485
25.449592   161.474984
25.464592   164.924028
25.479592   166.410309
25.494592   168.284024
25.509592   169.317589
25.524592   179.862282
25.539592   183.361330
25.554592   186.158986
25.569592   187.521292
END PITCH
