#Each entry contains the duration of a syllable (in seconds), an optional label, and a pitch time series.
0.3177617384720899	NONE
Time_s   F0_Hz
0.860300   88.921097
0.875300   88.661989
0.890300   91.446914
0.905300   93.869798
0.920300   91.266346
0.935300   188.775566
0.950300   183.294219
0.965300   175.529755
0.980300   171.523259
0.995300   170.609317
1.010300   166.778692
1.025300   168.147768
1.040300   167.207905
1.055300   162.746059
1.070300   160.541844
1.085300   161.588842
1.100300   159.575726
1.115300   --undefined--
1.130300   --undefined--
1.145300   --undefined--
1.160300   --undefined--
1.175300   --undefined--
END PITCH
0.26468769913136003	NONE
Time_s   F0_Hz
1.181525   --undefined--
1.196525   198.724356
1.211525   191.460803
1.226525   190.525022
1.241525   192.045552
1.256525   195.305210
1.271525   199.778458
1.286525   205.490563
1.301525   211.643219
1.316525   230.936617
1.331525   242.159097
1.346525   257.052941
1.361525   270.171178
1.376525   279.967976
1.391525   284.994127
1.406525   286.859273
1.421525   280.312418
1.436525   279.810440
END PITCH
0.1481327843729756	NONE
Time_s   F0_Hz
1.447931   281.264776
1.462931   274.871908
1.477931   267.517679
1.492931   259.128996
1.507931   251.872160
1.522931   248.886542
1.537931   249.141739
1.552931   245.024179
1.567931   239.476245
1.582931   234.772236
END PITCH
0.1799626691713776	NONE
Time_s   F0_Hz
1.596978   239.075958
1.611978   249.840595
1.626978   257.181307
1.641978   256.044444
1.656978   255.122217
1.671978   253.144528
1.686978   249.885113
1.701978   246.136416
1.716978   239.047352
1.731978   228.207484
1.746978   221.872998
1.761978   221.455486
END PITCH
0.5240373308286226	NONE
Time_s   F0_Hz
1.776474   221.399918
1.791474   219.712490
1.806474   230.350881
1.821474   224.578949
1.836474   216.787803
1.851474   211.658180
1.866474   208.576131
1.881474   204.684384
1.896474   199.336133
1.911474   196.169669
1.926474   193.072778
1.941474   190.978507
1.956474   188.649144
1.971474   187.871999
1.986474   188.503435
2.001474   188.694630
2.016474   187.800732
2.031474   186.953242
2.046474   185.996051
2.061474   185.596963
2.076474   186.115952
2.091474   185.664010
2.106474   185.665512
2.121474   186.795557
2.136474   188.513016
2.151474   190.719101
2.166474   195.753039
2.181474   201.825286
2.196474   201.596515
2.211474   199.212383
2.226474   199.883290
2.241474   201.093180
2.256474   99.509090
2.271474   99.360888
2.286474   99.440724
END PITCH
0.5760000000000001	NONE
Time_s   F0_Hz
2.616497   --undefined--
2.631497   263.725180
2.646497   257.517153
2.661497   254.425337
2.676497   --undefined--
2.691497   --undefined--
2.706497   251.360317
2.721497   242.968348
2.736497   230.271081
2.751497   229.600975
2.766497   254.111211
2.781497   248.796399
2.796497   233.766095
2.811497   193.968912
2.826497   186.216278
2.841497   183.170057
2.856497   178.512433
2.871497   176.594883
2.886497   174.846188
2.901497   170.156887
2.916497   167.758445
2.931497   168.245736
2.946497   168.179440
2.961497   165.933843
2.976497   163.968302
2.991497   164.215262
3.006497   164.272123
3.021497   163.504868
3.036497   163.562288
3.051497   163.563046
3.066497   162.839249
3.081497   162.155085
3.096497   161.989910
3.111497   161.770363
3.126497   160.643599
3.141497   161.189868
3.156497   161.035471
3.171497   160.046867
3.186497   159.720663
END PITCH
0.2686935804949693	NONE
Time_s   F0_Hz
4.940346   --undefined--
4.955346   --undefined--
4.970346   202.113703
4.985346   197.481625
5.000346   192.253706
5.015346   187.006024
5.030346   181.476199
5.045346   180.507912
5.060346   181.561432
5.075346   179.884629
5.090346   178.900797
5.105346   178.970379
5.120346   178.121860
5.135346   177.997182
5.150346   178.344871
5.165346   177.460773
5.180346   178.314230
5.195346   180.470557
END PITCH
0.09300343565036773	NONE
Time_s   F0_Hz
5.203696   180.609748
5.218696   180.637633
5.233696   181.747940
5.248696   183.349095
5.263696   184.340660
5.278696   184.350943
5.293696   183.452078
END PITCH
0.2027991582931632	NONE
Time_s   F0_Hz
5.299099   182.926533
5.314099   182.607785
5.329099   184.631514
5.344099   184.563464
5.359099   182.636832
5.374099   182.873338
5.389099   184.142277
5.404099   181.381769
5.419099   214.604540
5.434099   194.597561
5.449099   181.584982
5.464099   175.849126
5.479099   175.850300
5.494099   177.141354
END PITCH
0.0942951500344007	NONE
Time_s   F0_Hz
5.500147   177.799483
5.515147   181.848355
5.530147   187.372104
5.545147   193.024089
5.560147   202.376588
5.575147   211.316694
5.590147   205.185803
END PITCH
0.2516994778548698	NONE
Time_s   F0_Hz
5.598141   199.582308
5.613141   211.268088
5.628141   228.594600
5.643141   230.190088
5.658141   230.077703
5.673141   228.038406
5.688141   234.997738
5.703141   240.622843
5.718141   244.222721
5.733141   251.061397
5.748141   258.455689
5.763141   261.462063
5.778141   267.518144
5.793141   269.378591
5.808141   270.845251
5.823141   270.473326
5.838141   266.905762
END PITCH
0.3733054569855039	NONE
Time_s   F0_Hz
5.850646   262.725185
5.865646   254.317360
5.880646   246.584400
5.895646   243.582971
5.910646   234.516714
5.925646   226.274525
5.940646   220.801130
5.955646   216.859240
5.970646   215.603123
5.985646   216.692424
6.000646   216.263653
6.015646   217.128321
6.030646   218.143495
6.045646   218.378801
6.060646   225.396633
6.075646   229.422729
6.090646   229.872699
6.105646   230.969391
6.120646   230.943999
6.135646   229.843015
6.150646   230.250736
6.165646   230.618639
6.180646   230.433131
6.195646   --undefined--
6.210646   --undefined--
END PITCH
0.1998290320106797	NONE
Time_s   F0_Hz
6.384087   217.540350
6.399087   209.632277
6.414087   202.248526
6.429087   198.736205
6.444087   195.913351
6.459087   194.101192
6.474087   193.037229
6.489087   194.734220
6.504087   194.936941
6.519087   193.808244
6.534087   192.031619
6.549087   --undefined--
6.564087   --undefined--
6.579087   --undefined--
END PITCH
0.09070514684682962	NONE
Time_s   F0_Hz
6.581848   --undefined--
6.596848   --undefined--
6.611848   226.394136
6.626848   226.955046
6.641848   221.581673
6.656848   218.103395
6.671848   213.243484
END PITCH
0.2363837322780178	NONE
Time_s   F0_Hz
6.677897   211.910960
6.692897   211.337697
6.707897   209.207860
6.722897   207.440952
6.737897   208.079960
6.752897   208.810233
6.767897   205.836343
6.782897   203.239701
6.797897   202.140232
6.812897   201.321563
6.827897   203.037108
6.842897   204.794025
6.857897   204.541529
6.872897   201.052511
6.887897   201.740428
6.902897   202.513924
END PITCH
0.21498309003005733	NONE
Time_s   F0_Hz
7.239172   214.335216
7.254172   200.622402
7.269172   197.581536
7.284172   195.676202
7.299172   192.001518
7.314172   190.375816
7.329172   190.132225
7.344172   190.145758
7.359172   190.437689
7.374172   188.307372
7.389172   187.885007
7.404172   189.630284
7.419172   189.154256
7.434172   --undefined--
7.449172   213.161017
END PITCH
0.31388659531999075	NONE
Time_s   F0_Hz
7.458605   207.215169
7.473605   201.990905
7.488605   202.073016
7.503605   200.639591
7.518605   198.782273
7.533605   197.926175
7.548605   197.242543
7.563605   196.325829
7.578605   194.721261
7.593605   193.338160
7.608605   192.465474
7.623605   192.111380
7.638605   192.257635
7.653605   193.918479
7.668605   194.918975
7.683605   195.308592
7.698605   194.120523
7.713605   193.367351
7.728605   191.426277
7.743605   190.417491
7.758605   190.677352
END PITCH
0.1266590870713884	NONE
Time_s   F0_Hz
7.926474   212.200481
7.941474   205.184806
7.956474   202.341391
7.971474   198.433512
7.986474   194.709356
8.001474   192.323423
8.016474   189.419048
8.031474   186.733313
8.046474   184.635308
END PITCH
0.23767544666205076	NONE
Time_s   F0_Hz
8.056139   183.996774
8.071139   184.744953
8.086139   188.499849
8.101139   198.978059
8.116139   209.320754
8.131139   211.883581
8.146139   212.985257
8.161139   211.502168
8.176139   206.366222
8.191139   208.834431
8.206139   210.848650
8.221139   --undefined--
8.236139   --undefined--
8.251139   --undefined--
8.266139   --undefined--
8.281139   --undefined--
END PITCH
0.23380030350995185	NONE
Time_s   F0_Hz
8.291876   --undefined--
8.306876   --undefined--
8.321876   250.133114
8.336876   241.249051
8.351876   236.044556
8.366876   233.579323
8.381876   232.124392
8.396876   232.476907
8.411876   232.359581
8.426876   230.075968
8.441876   229.218672
8.456876   230.264102
8.471876   227.836835
8.486876   227.149251
8.501876   226.381120
8.516876   222.246429
END PITCH
0.309136085192133	NONE
Time_s   F0_Hz
8.525839   216.401597
8.540839   201.211208
8.555839   194.084388
8.570839   190.456665
8.585839   185.465952
8.600839   182.559774
8.615839   184.974451
8.630839   185.667787
8.645839   184.164450
8.660839   184.071006
8.675839   185.593868
8.690839   187.071272
8.705839   187.968391
8.720839   186.488519
8.735839   183.625450
8.750839   182.434076
8.765839   184.567636
8.780839   185.187018
8.795839   180.986767
8.810839   --undefined--
8.825839   --undefined--
END PITCH
0.35326870054594295	NONE
Time_s   F0_Hz
9.401638   188.991302
9.416638   188.062796
9.431638   185.012725
9.446638   179.387631
9.461638   178.401903
9.476638   179.233506
9.491638   177.244301
9.506638   175.893677
9.521638   176.070747
9.536638   175.441640
9.551638   176.257457
9.566638   176.575067
9.581638   176.042257
9.596638   175.892188
9.611638   176.352686
9.626638   175.991466
9.641638   176.414213
9.656638   174.377131
9.671638   172.078510
9.686638   171.088369
9.701638   174.021556
9.716638   186.358179
9.731638   193.555672
9.746638   201.292319
END PITCH
0.41327649670902566	NONE
Time_s   F0_Hz
11.369632   218.279270
11.384632   211.204723
11.399632   196.033675
11.414632   188.101443
11.429632   182.185461
11.444632   179.384051
11.459632   178.510029
11.474632   176.936379
11.489632   175.796991
11.504632   176.210784
11.519632   175.484429
11.534632   174.924245
11.549632   175.900632
11.564632   176.832115
11.579632   175.653812
11.594632   174.545775
11.609632   173.012201
11.624632   171.530743
11.639632   171.239489
11.654632   172.578595
11.669632   174.649413
11.684632   175.465003
11.699632   175.196215
11.714632   174.049551
11.729632   171.253599
11.744632   166.175493
11.759632   168.868455
11.774632   171.069826
END PITCH
0.1732336190859023	NONE
Time_s   F0_Hz
12.249609   --undefined--
12.264609   --undefined--
12.279609   225.763359
12.294609   225.551024
12.309609   219.991438
12.324609   207.544096
12.339609   198.185687
12.354609   196.673150
12.369609   195.987153
12.384609   196.515103
12.399609   198.050663
12.414609   205.560807
END PITCH
0.13046315278732123	NONE
Time_s   F0_Hz
12.423968   223.545041
12.438968   228.084769
12.453968   230.534420
12.468968   236.370210
12.483968   240.780894
12.498968   237.475065
12.513968   221.132909
12.528968   209.408668
12.543968   211.442260
END PITCH
0.2363837322780178	NONE
Time_s   F0_Hz
12.554892   226.258654
12.569892   229.120556
12.584892   220.316811
12.599892   209.909758
12.614892   200.708575
12.629892   196.381189
12.644892   192.520070
12.659892   189.727635
12.674892   189.704277
12.689892   190.335058
12.704892   190.797209
12.719892   192.921853
12.734892   195.618091
12.749892   197.927543
12.764892   198.954130
12.779892   200.326458
END PITCH
0.17991949584875933	NONE
Time_s   F0_Hz
12.793044   201.167355
12.808044   199.042365
12.823044   196.839263
12.838044   195.823079
12.853044   196.570531
12.868044   195.719157
12.883044   194.176756
12.898044   191.833582
12.913044   188.767774
12.928044   184.140011
12.943044   181.742219
12.958044   182.471522
END PITCH
0.20888653374513844	NONE
Time_s   F0_Hz
12.972443   180.613987
12.987443   187.460850
13.002443   185.403655
13.017443   181.805214
13.032443   182.424845
13.047443   181.938279
13.062443   180.754376
13.077443   183.359153
13.092443   186.360586
13.107443   186.378509
13.122443   --undefined--
13.137443   --undefined--
13.152443   --undefined--
13.167443   --undefined--
END PITCH
0.1085040082587625	NONE
Time_s   F0_Hz
13.344065   --undefined--
13.359065   --undefined--
13.374065   --undefined--
13.389065   94.305949
13.404065   91.414931
13.419065   --undefined--
13.434065   --undefined--
13.449065   --undefined--
END PITCH
0.2401854542849744	NONE
Time_s   F0_Hz
13.450907   --undefined--
13.465907   200.210212
13.480907   210.619462
13.495907   214.886311
13.510907   209.087368
13.525907   203.908914
13.540907   204.013917
13.555907   202.714239
13.570907   203.064785
13.585907   203.449115
13.600907   200.778048
13.615907   199.100123
13.630907   198.881133
13.645907   199.919980
13.660907   201.669048
END PITCH
