#Each entry contains the duration of a syllable (in seconds), an optional label, and a pitch time series.
0	NONE
Time_s   F0_Hz
0   --undefined--
END PITCH
0.41607343342795955	NONE
Time_s   F0_Hz
0.206332   --undefined--
0.221332   98.582245
0.236332   99.057803
0.251332   97.375318
0.266332   210.128568
0.281332   207.222947
0.296332   202.161061
0.311332   197.663550
0.326332   193.061690
0.341332   190.669213
0.356332   188.363579
0.371332   185.850277
0.386332   189.232557
0.401332   191.408091
0.416332   190.585000
0.431332   188.780609
0.446332   187.471827
0.461332   185.962875
0.476332   184.480683
0.491332   183.448649
0.506332   186.240420
0.521332   191.583815
0.536332   193.159812
0.551332   190.913331
0.566332   190.274210
0.581332   189.467614
0.596332   --undefined--
0.611332   --undefined--
END PITCH
0.17607579089238667	NONE
Time_s   F0_Hz
1.357534   --undefined--
1.372534   --undefined--
1.387534   --undefined--
1.402534   --undefined--
1.417534   202.494768
1.432534   202.655126
1.447534   207.159555
1.462534   211.278370
1.477534   211.248191
1.492534   207.387725
1.507534   206.216956
1.522534   206.267859
END PITCH
0.30319427013660505	NONE
Time_s   F0_Hz
1.529671   207.686170
1.544671   210.155294
1.559671   211.998922
1.574671   214.859396
1.589671   215.077608
1.604671   213.057302
1.619671   210.612399
1.634671   209.271916
1.649671   212.756447
1.664671   221.422104
1.679671   228.353436
1.694671   228.225180
1.709671   227.624659
1.724671   234.311961
1.739671   --undefined--
1.754671   --undefined--
1.769671   --undefined--
1.784671   --undefined--
1.799671   --undefined--
1.814671   --undefined--
1.829671   417.984683
END PITCH
0.07628216902376184	NONE
Time_s   F0_Hz
1.831910   418.729728
1.846910   429.830412
1.861910   448.547097
1.876910   468.273357
1.891910   473.471967
1.906910   471.320964
END PITCH
0.4684477699472467	NONE
Time_s   F0_Hz
1.909269   471.029590
1.924269   477.913303
1.939269   511.382777
1.954269   --undefined--
1.969269   --undefined--
1.984269   --undefined--
1.999269   --undefined--
2.014269   --undefined--
2.029269   --undefined--
2.044269   --undefined--
2.059269   289.301115
2.074269   290.173683
2.089269   283.656874
2.104269   269.319316
2.119269   262.791403
2.134269   248.251021
2.149269   241.765269
2.164269   234.613348
2.179269   227.107012
2.194269   222.181323
2.209269   222.433449
2.224269   221.174489
2.239269   222.867370
2.254269   226.756170
2.269269   233.766362
2.284269   242.944545
2.299269   251.965227
2.314269   269.207340
2.329269   283.261628
2.344269   297.871986
2.359269   306.951509
2.374269   300.578158
END PITCH
0.26924524285315243	NONE
Time_s   F0_Hz
2.959121   --undefined--
2.974121   316.150466
2.989121   317.110518
3.004121   327.082342
3.019121   349.937967
3.034121   365.771435
3.049121   373.715609
3.064121   379.257180
3.079121   379.821927
3.094121   376.556702
3.109121   370.775756
3.124121   --undefined--
3.139121   --undefined--
3.154121   --undefined--
3.169121   --undefined--
3.184121   --undefined--
3.199121   --undefined--
3.214121   495.182857
END PITCH
0.15900197357727697	NONE
Time_s   F0_Hz
3.225748   495.406515
3.240748   493.192640
3.255748   495.456949
3.270748   503.247464
3.285748   504.113499
3.300748   499.510479
3.315748   503.148362
3.330748   514.385964
3.345748   --undefined--
3.360748   --undefined--
3.375748   --undefined--
END PITCH
0.45175278356957094	NONE
Time_s   F0_Hz
3.381122   --undefined--
3.396122   --undefined--
3.411122   --undefined--
3.426122   --undefined--
3.441122   --undefined--
3.456122   407.757297
3.471122   396.193627
3.486122   378.545847
3.501122   367.519017
3.516122   357.983854
3.531122   350.391791
3.546122   346.460981
3.561122   343.676533
3.576122   343.109709
3.591122   341.339541
3.606122   341.956135
3.621122   344.764655
3.636122   349.865791
3.651122   358.192000
3.666122   365.553449
3.681122   377.165442
3.696122   408.119083
3.711122   422.613716
3.726122   434.874535
3.741122   440.318479
3.756122   443.111178
3.771122   440.199917
3.786122   446.489310
3.801122   456.029893
3.816122   490.687120
3.831122   --undefined--
END PITCH
0.6651514071807512	NONE
Time_s   F0_Hz
4.461032   --undefined--
4.476032   --undefined--
4.491032   --undefined--
4.506032   --undefined--
4.521032   --undefined--
4.536032   --undefined--
4.551032   --undefined--
4.566032   238.171964
4.581032   233.757795
4.596032   232.354807
4.611032   226.917734
4.626032   231.837412
4.641032   --undefined--
4.656032   --undefined--
4.671032   --undefined--
4.686032   --undefined--
4.701032   --undefined--
4.716032   --undefined--
4.731032   --undefined--
4.746032   --undefined--
4.761032   --undefined--
4.776032   --undefined--
4.791032   --undefined--
4.806032   --undefined--
4.821032   --undefined--
4.836032   --undefined--
4.851032   --undefined--
4.866032   --undefined--
4.881032   --undefined--
4.896032   --undefined--
4.911032   --undefined--
4.926032   --undefined--
4.941032   --undefined--
4.956032   --undefined--
4.971032   --undefined--
4.986032   --undefined--
5.001032   --undefined--
5.016032   --undefined--
5.031032   --undefined--
5.046032   --undefined--
5.061032   --undefined--
5.076032   --undefined--
5.091032   --undefined--
5.106032   --undefined--
5.121032   --undefined--
END PITCH
0.19147027281492868	NONE
Time_s   F0_Hz
5.129342   319.397615
5.144342   318.507941
5.159342   318.207976
5.174342   313.360256
5.189342   311.443329
5.204342   311.673436
5.219342   314.400127
5.234342   326.872562
5.249342   320.296389
5.264342   324.654058
5.279342   340.216864
5.294342   --undefined--
5.309342   541.542058
END PITCH
0.14535107805532466	NONE
Time_s   F0_Hz
5.320255   545.519755
5.335255   547.710817
5.350255   546.712408
5.365255   542.368115
5.380255   535.367220
5.395255   530.326900
5.410255   536.213222
5.425255   538.597414
5.440255   531.936715
5.455255   564.558767
END PITCH
0.40356142853342014	NONE
Time_s   F0_Hz
5.467211   576.281936
5.482211   563.578345
5.497211   426.393658
5.512211   393.722142
5.527211   386.418642
5.542211   379.345905
5.557211   371.391988
5.572211   359.166651
5.587211   353.066764
5.602211   344.862835
5.617211   345.129347
5.632211   344.483940
5.647211   341.487228
5.662211   342.861394
5.677211   345.662908
5.692211   349.892093
5.707211   358.306080
5.722211   365.415128
5.737211   370.596198
5.752211   377.915935
5.767211   386.183887
5.782211   385.291025
5.797211   383.268047
5.812211   389.980047
5.827211   391.149135
5.842211   398.716636
5.857211   419.772117
END PITCH
0.38161294239459753	NONE
Time_s   F0_Hz
6.996196   --undefined--
7.011196   265.145741
7.026196   262.700366
7.041196   262.863958
7.056196   260.549403
7.071196   262.788233
7.086196   265.786816
7.101196   271.198241
7.116196   283.979559
7.131196   299.171312
7.146196   303.764221
7.161196   303.066849
7.176196   303.771069
7.191196   305.119929
7.206196   307.841552
7.221196   312.603264
7.236196   316.699515
7.251196   319.807538
7.266196   324.898427
7.281196   328.571499
7.296196   330.834198
7.311196   336.885914
7.326196   342.347262
7.341196   336.632624
7.356196   333.568878
7.371196   337.256262
END PITCH
0.1736909487440803	NONE
Time_s   F0_Hz
7.378849   334.922944
7.393849   325.223236
7.408849   340.443482
7.423849   369.431190
7.438849   367.789682
7.453849   367.014347
7.468849   363.860182
7.483849   361.267916
7.498849   357.421020
7.513849   359.622091
7.528849   --undefined--
7.543849   --undefined--
END PITCH
0.1639280025140497	NONE
Time_s   F0_Hz
7.555159   --undefined--
7.570159   --undefined--
7.585159   --undefined--
7.600159   --undefined--
7.615159   --undefined--
7.630159   --undefined--
7.645159   --undefined--
7.660159   --undefined--
7.675159   --undefined--
7.690159   --undefined--
7.705159   --undefined--
END PITCH
0.11987598589403792	NONE
Time_s   F0_Hz
7.719563   --undefined--
7.734563   --undefined--
7.749563   --undefined--
7.764563   313.756286
7.779563   307.438574
7.794563   297.415305
7.809563   279.877830
7.824563   278.834964
END PITCH
0.2664165001006298	NONE
Time_s   F0_Hz
7.837704   --undefined--
7.852704   --undefined--
7.867704   --undefined--
7.882704   --undefined--
7.897704   --undefined--
7.912704   247.730512
7.927704   247.762752
7.942704   244.231103
7.957704   237.571817
7.972704   233.404308
7.987704   223.842389
8.002704   221.698304
8.017704   218.780836
8.032704   216.639204
8.047704   213.658106
8.062704   212.917045
8.077704   209.953592
8.092704   209.621660
END PITCH
0.12238758720271292	NONE
Time_s   F0_Hz
8.099603   212.522571
8.114603   212.460221
8.129603   208.090098
8.144603   206.625314
8.159603   206.107334
8.174603   204.351444
8.189603   202.620509
8.204603   201.919390
8.219603   --undefined--
END PITCH
0.21511279551377527	NONE
Time_s   F0_Hz
8.223356   --undefined--
8.238356   --undefined--
8.253356   --undefined--
8.268356   --undefined--
8.283356   201.654321
8.298356   196.913895
8.313356   194.641925
8.328356   204.186997
8.343356   219.703499
8.358356   237.351528
8.373356   256.463178
8.388356   294.459535
8.403356   314.947085
8.418356   313.220288
8.433356   305.779341
END PITCH
0.2600831171828819	NONE
Time_s   F0_Hz
8.438452   309.167848
8.453452   315.092465
8.468452   298.204568
8.483452   300.072344
8.498452   310.777912
8.513452   303.120022
8.528452   270.230499
8.543452   239.980279
8.558452   221.807350
8.573452   207.074820
8.588452   --undefined--
8.603452   --undefined--
8.618452   --undefined--
8.633452   --undefined--
8.648452   --undefined--
8.663452   --undefined--
8.678452   --undefined--
8.693452   --undefined--
END PITCH
0.07925208255770677	NONE
Time_s   F0_Hz
9.265550   --undefined--
9.280550   232.183455
9.295550   232.221966
9.310550   235.013134
9.325550   233.345916
9.340550   231.317942
END PITCH
0.29436487807148204	NONE
Time_s   F0_Hz
9.347364   234.175353
9.362364   235.543697
9.377364   235.422887
9.392364   --undefined--
9.407364   --undefined--
9.422364   --undefined--
9.437364   --undefined--
9.452364   260.253319
9.467364   260.297891
9.482364   264.371088
9.497364   267.294602
9.512364   265.173570
9.527364   260.649012
9.542364   256.850318
9.557364   254.001730
9.572364   253.324487
9.587364   261.349704
9.602364   264.684836
9.617364   260.811703
9.632364   263.196656
END PITCH
0.14435200751582222	NONE
Time_s   F0_Hz
9.641729   261.845875
9.656729   257.982331
9.671729   260.378508
9.686729   --undefined--
9.701729   --undefined--
9.716729   --undefined--
9.731729   273.831436
9.746729   270.750933
9.761729   267.094059
9.776729   260.062783
END PITCH
0.34814307694992586	NONE
Time_s   F0_Hz
9.782976   253.314436
9.797976   241.945384
9.812976   238.192208
9.827976   236.099036
9.842976   232.716066
9.857976   229.705766
9.872976   229.733823
9.887976   233.961519
9.902976   238.359852
9.917976   236.143682
9.932976   232.252284
9.947976   230.752364
9.962976   231.735851
9.977976   --undefined--
9.992976   --undefined--
10.007976   --undefined--
10.022976   --undefined--
10.037976   --undefined--
10.052976   --undefined--
10.067976   --undefined--
10.082976   --undefined--
10.097976   --undefined--
10.112976   --undefined--
10.127976   247.920397
END PITCH
0.11846007582568241	NONE
Time_s   F0_Hz
10.136276   247.993180
10.151276   245.598929
10.166276   238.831325
10.181276   233.474721
10.196276   222.948045
10.211276   218.322659
10.226276   212.462574
10.241276   205.903853
END PITCH
0.14760048704661877	NONE
Time_s   F0_Hz
10.254303   205.010808
10.269303   203.389724
10.284303   204.823020
10.299303   202.801652
10.314303   204.798079
10.329303   208.735872
10.344303   213.228353
10.359303   223.693907
10.374303   231.984196
10.389303   241.110635
END PITCH
0.2688909943922191	NONE
Time_s   F0_Hz
10.402545   271.896066
10.417545   --undefined--
10.432545   --undefined--
10.447545   --undefined--
10.462545   --undefined--
10.477545   --undefined--
10.492545   --undefined--
10.507545   246.610840
10.522545   232.917068
10.537545   225.796035
10.552545   223.157481
10.567545   222.115608
10.582545   217.795696
10.597545   218.289024
10.612545   217.124155
10.627545   --undefined--
10.642545   --undefined--
10.657545   --undefined--
END PITCH
0.22578802129154418	NONE
Time_s   F0_Hz
11.954325   274.053248
11.969325   272.764981
11.984325   273.206822
11.999325   275.728207
12.014325   276.382529
12.029325   273.399857
12.044325   267.884612
12.059325   270.863068
12.074325   270.174572
12.089325   269.086236
12.104325   271.618706
12.119325   272.813516
12.134325   --undefined--
12.149325   --undefined--
12.164325   --undefined--
12.179325   281.611547
END PITCH
0.10027665225339888	NONE
Time_s   F0_Hz
12.184864   278.839912
12.199864   272.749175
12.214864   271.491395
12.229864   267.303734
12.244864   262.646277
12.259864   257.804529
12.274864   259.735093
END PITCH
0.3398801314431168	NONE
Time_s   F0_Hz
12.284943   262.933876
12.299943   --undefined--
12.314943   --undefined--
12.329943   --undefined--
12.344943   --undefined--
12.359943   --undefined--
12.374943   267.830125
12.389943   271.107301
12.404943   272.141410
12.419943   272.940919
12.434943   273.888116
12.449943   279.577068
12.464943   287.770780
12.479943   299.389848
12.494943   308.508765
12.509943   314.108052
12.524943   324.817607
12.539943   344.316527
12.554943   357.849970
12.569943   362.973667
12.584943   365.768760
12.599943   369.654880
12.614943   414.277010
END PITCH
0.4521609773654749	NONE
Time_s   F0_Hz
13.305079   --undefined--
13.320079   247.211553
13.335079   245.493646
13.350079   244.596944
13.365079   246.618422
13.380079   249.541102
13.395079   252.980692
13.410079   257.161921
13.425079   263.777185
13.440079   267.674992
13.455079   269.182569
13.470079   275.797773
13.485079   301.969097
13.500079   313.870223
13.515079   318.070737
13.530079   332.867224
13.545079   357.560527
13.560079   372.612334
13.575079   373.804433
13.590079   367.187205
13.605079   353.061019
13.620079   328.818496
13.635079   310.115214
13.650079   281.046058
13.665079   269.825276
13.680079   --undefined--
13.695079   --undefined--
13.710079   --undefined--
13.725079   --undefined--
13.740079   --undefined--
13.755079   --undefined--
END PITCH
0.2615173038056078	NONE
Time_s   F0_Hz
14.811264   256.234927
14.826264   262.453646
14.841264   280.864619
14.856264   307.054029
14.871264   323.404004
14.886264   336.950892
14.901264   334.527783
14.916264   330.943018
14.931264   338.208386
14.946264   328.359709
14.961264   --undefined--
14.976264   --undefined--
14.991264   --undefined--
15.006264   --undefined--
15.021264   --undefined--
15.036264   --undefined--
15.051264   --undefined--
15.066264   332.250893
END PITCH
0.0616503697214803	NONE
Time_s   F0_Hz
15.070340   330.283918
15.085340   324.346118
15.100340   322.847275
15.115340   324.650356
15.130340   330.119057
END PITCH
0.05094776735852591	NONE
Time_s   F0_Hz
15.134133   330.611828
15.149133   326.254811
15.164133   319.844639
15.179133   323.545007
END PITCH
0.1330302814361506	NONE
Time_s   F0_Hz
15.188628   322.979399
15.203628   322.134364
15.218628   326.718534
15.233628   322.535087
15.248628   312.487795
15.263628   308.299304
15.278628   301.208668
15.293628   292.803692
15.308628   273.686827
END PITCH
0.26085427767823255	NONE
Time_s   F0_Hz
15.318067   270.145556
15.333067   271.255332
15.348067   279.135442
15.363067   291.326096
15.378067   270.891385
15.393067   256.346500
15.408067   263.194233
15.423067   257.178953
15.438067   245.394523
15.453067   240.513461
15.468067   237.656698
15.483067   232.461273
15.498067   224.965754
15.513067   222.880000
15.528067   218.879980
15.543067   215.162552
15.558067   212.024358
15.573067   213.122649
END PITCH
0.16663759731462768	NONE
Time_s   F0_Hz
15.576808   214.209683
15.591808   216.072904
15.606808   217.003310
15.621808   227.782702
15.636808   256.862309
15.651808   295.858577
15.666808   311.347131
15.681808   313.845777
15.696808   305.328779
15.711808   311.519195
15.726808   304.995643
15.741808   296.418221
END PITCH
0.1867117648293668	NONE
Time_s   F0_Hz
15.745986   298.213721
15.760986   307.942745
15.775986   312.117142
15.790986   --undefined--
15.805986   --undefined--
15.820986   299.900978
15.835986   295.796176
15.850986   286.733503
15.865986   269.153791
15.880986   259.389893
15.895986   236.131091
15.910986   234.563405
15.925986   250.387780
END PITCH
0.18963891183451054	NONE
Time_s   F0_Hz
15.934161   257.697599
15.949161   261.337618
15.964161   263.453566
15.979161   267.962707
15.994161   --undefined--
16.009161   --undefined--
16.024161   --undefined--
16.039161   --undefined--
16.054161   166.103792
16.069161   167.391768
16.084161   167.097402
16.099161   --undefined--
16.114161   --undefined--
END PITCH
0.30851703567107336	NONE
Time_s   F0_Hz
16.123243   --undefined--
16.138243   --undefined--
16.153243   --undefined--
16.168243   --undefined--
16.183243   --undefined--
16.198243   --undefined--
16.213243   --undefined--
16.228243   --undefined--
16.243243   --undefined--
16.258243   --undefined--
16.273243   187.042559
16.288243   190.519099
16.303243   193.929397
16.318243   199.295044
16.333243   207.013824
16.348243   218.757053
16.363243   227.776348
16.378243   236.582424
16.393243   244.494973
16.408243   250.286139
16.423243   256.016692
END PITCH
0.13877052687482916	NONE
Time_s   F0_Hz
16.725357   189.800053
16.740357   188.305580
16.755357   188.270971
16.770357   186.992958
16.785357   187.274018
16.800357   187.908991
16.815357   188.006900
16.830357   187.409484
16.845357   187.624604
16.860357   191.391661
END PITCH
0.12175107411176	NONE
Time_s   F0_Hz
16.863118   191.708417
16.878118   191.898426
16.893118   192.238330
16.908118   192.593762
16.923118   192.124282
16.938118   190.683331
16.953118   186.441508
16.968118   182.847323
16.983118   192.168592
END PITCH
0.1843445766003171	NONE
Time_s   F0_Hz
16.986168   193.803709
17.001168   198.396857
17.016168   200.647393
17.031168   201.695335
17.046168   200.154390
17.061168   197.852851
17.076168   --undefined--
17.091168   --undefined--
17.106168   --undefined--
17.121168   --undefined--
17.136168   --undefined--
17.151168   --undefined--
17.166168   201.956853
END PITCH
0.1948113459145837	NONE
Time_s   F0_Hz
17.175748   203.763945
17.190748   203.677967
17.205748   203.033021
17.220748   204.596003
17.235748   207.445649
17.250748   209.394075
17.265748   209.931731
17.280748   209.692955
17.295748   209.483534
17.310748   210.232159
17.325748   212.945951
17.340748   217.827393
17.355748   221.761877
END PITCH
0.175486754234921	NONE
Time_s   F0_Hz
17.368396   222.033304
17.383396   221.698721
17.398396   224.810365
17.413396   228.713448
17.428396   230.951310
17.443396   232.858798
17.458396   234.774395
17.473396   236.658644
17.488396   239.157240
17.503396   244.614048
17.518396   254.626398
17.533396   267.940004
END PITCH
0.20379106943410363	NONE
Time_s   F0_Hz
17.543033   275.585276
17.558033   302.285489
17.573033   328.344484
17.588033   364.814944
17.603033   396.584330
17.618033   426.322631
17.633033   432.886328
17.648033   430.012487
17.663033   408.406970
17.678033   423.761912
17.693033   --undefined--
17.708033   --undefined--
17.723033   --undefined--
17.738033   --undefined--
END PITCH
0.16956625381607537	NONE
Time_s   F0_Hz
17.744711   --undefined--
17.759711   --undefined--
17.774711   --undefined--
17.789711   --undefined--
17.804711   --undefined--
17.819711   --undefined--
17.834711   --undefined--
17.849711   --undefined--
17.864711   --undefined--
17.879711   --undefined--
17.894711   --undefined--
17.909711   --undefined--
END PITCH
0.2132253897039611	NONE
Time_s   F0_Hz
18.425612   460.996587
18.440612   469.811012
18.455612   489.203968
18.470612   517.289455
18.485612   540.170544
18.500612   552.055047
18.515612   543.552872
18.530612   510.725007
18.545612   467.131784
18.560612   419.076631
18.575612   361.955302
18.590612   318.632817
18.605612   287.320721
18.620612   --undefined--
18.635612   --undefined--
END PITCH
0.20017691301402962	NONE
Time_s   F0_Hz
18.639813   --undefined--
18.654813   --undefined--
18.669813   --undefined--
18.684813   --undefined--
18.699813   245.417625
18.714813   253.936505
18.729813   263.723390
18.744813   274.761726
18.759813   291.055009
18.774813   311.748476
18.789813   311.653901
18.804813   310.487946
18.819813   319.384280
18.834813   354.399977
END PITCH
0.130983574816387	NONE
Time_s   F0_Hz
18.842891   362.984232
18.857891   368.571920
18.872891   366.907215
18.887891   359.654939
18.902891   348.742123
18.917891   356.558218
18.932891   362.599862
18.947891   373.304987
18.962891   373.345402
END PITCH
0.4636141224656214	NONE
Time_s   F0_Hz
18.975193   --undefined--
18.990193   --undefined--
19.005193   --undefined--
19.020193   --undefined--
19.035193   434.243702
19.050193   442.594489
19.065193   --undefined--
19.080193   --undefined--
19.095193   523.841084
19.110193   523.398283
19.125193   504.454408
19.140193   464.034572
19.155193   405.698507
19.170193   348.471164
19.185193   311.554870
19.200193   --undefined--
19.215193   --undefined--
19.230193   --undefined--
19.245193   --undefined--
19.260193   --undefined--
19.275193   --undefined--
19.290193   --undefined--
19.305193   175.617766
19.320193   175.396682
19.335193   174.643080
19.350193   172.991115
19.365193   171.843561
19.380193   166.955806
19.395193   161.247810
19.410193   --undefined--
19.425193   --undefined--
END PITCH
0.39924152099256816	NONE
Time_s   F0_Hz
20.988617   222.793047
21.003617   204.274174
21.018617   197.781288
21.033617   199.124776
21.048617   202.044052
21.063617   207.235473
21.078617   212.185155
21.093617   215.125837
21.108617   219.253832
21.123617   223.865450
21.138617   227.260597
21.153617   229.704651
21.168617   233.806648
21.183617   237.202208
21.198617   238.504739
21.213617   240.413608
21.228617   242.114733
21.243617   244.108648
21.258617   245.735401
21.273617   247.379355
21.288617   247.972983
21.303617   251.444287
21.318617   253.120446
21.333617   252.889142
21.348617   253.453442
21.363617   254.418396
21.378617   258.216847
END PITCH
0.18416456790436797	NONE
Time_s   F0_Hz
21.385329   261.502726
21.400329   261.259614
21.415329   261.850232
21.430329   266.101723
21.445329   286.464830
21.460329   315.267606
21.475329   323.581113
21.490329   345.431320
21.505329   381.756552
21.520329   426.722977
21.535329   459.177146
21.550329   470.885571
21.565329   466.528758
END PITCH
0.2510425184161207	NONE
Time_s   F0_Hz
21.572925   457.131193
21.587925   432.963125
21.602925   410.758238
21.617925   397.027785
21.632925   381.013992
21.647925   364.694619
21.662925   341.044848
21.677925   326.765655
21.692925   331.611552
21.707925   339.030765
21.722925   316.670927
21.737925   --undefined--
21.752925   --undefined--
21.767925   --undefined--
21.782925   --undefined--
21.797925   --undefined--
21.812925   --undefined--
END PITCH
0.10559185309356067	NONE
Time_s   F0_Hz
21.818736   --undefined--
21.833736   --undefined--
21.848736   220.983507
21.863736   210.684320
21.878736   200.955870
21.893736   193.982367
21.908736   195.642661
21.923736   199.810624
END PITCH
0.192469343354432	NONE
Time_s   F0_Hz
21.930272   199.043588
21.945272   195.570879
21.960272   193.671723
21.975272   --undefined--
21.990272   --undefined--
22.005272   --undefined--
22.020272   236.980088
22.035272   238.466571
22.050272   241.253658
22.065272   238.856588
22.080272   --undefined--
22.095272   --undefined--
22.110272   --undefined--
END PITCH
0.24216014895439386	NONE
Time_s   F0_Hz
22.117585   --undefined--
22.132585   --undefined--
22.147585   --undefined--
22.162585   --undefined--
22.177585   --undefined--
22.192585   --undefined--
22.207585   --undefined--
22.222585   243.292680
22.237585   236.097297
22.252585   232.990573
22.267585   233.157522
22.282585   236.703166
22.297585   242.801449
22.312585   247.728922
22.327585   254.379828
22.342585   266.365385
22.357585   277.485184
END PITCH
0.10881335951544813	NONE
Time_s   F0_Hz
22.360573   279.304825
22.375573   291.001061
22.390573   304.836656
22.405573   310.617666
22.420573   315.796013
22.435573   318.617304
22.450573   310.068679
22.465573   303.008682
END PITCH
0.25190840527271163	NONE
Time_s   F0_Hz
22.473435   304.407979
22.488435   304.116489
22.503435   287.186621
22.518435   277.152253
22.533435   277.059662
22.548435   282.872014
22.563435   296.794490
22.578435   319.937510
22.593435   341.759383
22.608435   398.039844
22.623435   446.572386
22.638435   467.180922
22.653435   472.306628
22.668435   467.598484
22.683435   456.508428
22.698435   447.716645
22.713435   455.934141
END PITCH
0.23407580249973847	NONE
Time_s   F0_Hz
22.723929   449.877221
22.738929   451.153795
22.753929   467.353492
22.768929   487.055893
22.783929   --undefined--
22.798929   254.652368
22.813929   239.808779
22.828929   230.446577
22.843929   220.105125
22.858929   203.274552
22.873929   195.323773
22.888929   190.863323
22.903929   186.828084
22.918929   184.631274
22.933929   181.866637
22.948929   180.277369
END PITCH
0.38253247999665874	NONE
Time_s   F0_Hz
22.957239   179.338708
22.972239   179.218657
22.987239   179.246331
23.002239   179.509593
23.017239   179.629286
23.032239   179.160108
23.047239   178.344800
23.062239   177.164433
23.077239   174.979724
23.092239   172.616665
23.107239   172.865540
23.122239   171.484284
23.137239   169.054343
23.152239   166.501769
23.167239   163.237343
23.182239   161.029656
23.197239   160.821168
23.212239   160.098853
23.227239   162.289575
23.242239   167.943095
23.257239   175.737634
23.272239   188.035701
23.287239   194.186319
23.302239   --undefined--
23.317239   --undefined--
23.332239   --undefined--
END PITCH
0.19523025092574287	NONE
Time_s   F0_Hz
23.336105   --undefined--
23.351105   --undefined--
23.366105   236.960990
23.381105   226.212480
23.396105   222.205367
23.411105   222.630322
23.426105   226.119607
23.441105   229.186233
23.456105   233.308345
23.471105   239.179478
23.486105   244.310633
23.501105   249.202684
23.516105   256.191388
23.531105   268.481183
END PITCH
0.1330302814361488	NONE
Time_s   F0_Hz
23.537744   271.868789
23.552744   279.448971
23.567744   305.971505
23.582744   318.186183
23.597744   328.002404
23.612744   340.862686
23.627744   344.544941
23.642744   353.802581
23.657744   360.976702
END PITCH
0.10755639775688763	NONE
Time_s   F0_Hz
23.665539   362.437648
23.680539   359.132213
23.695539   338.866151
23.710539   316.788920
23.725539   306.232626
23.740539   268.390182
23.755539   241.293753
23.770539   230.956896
END PITCH
0.15850416511541354	NONE
Time_s   F0_Hz
23.776066   228.342937
23.791066   216.311011
23.806066   210.356269
23.821066   202.401856
23.836066   195.906595
23.851066   193.810997
23.866066   197.948030
23.881066   198.949883
23.896066   195.183006
23.911066   --undefined--
23.926066   --undefined--
END PITCH
0.24624754223287582	NONE
Time_s   F0_Hz
23.933447   --undefined--
23.948447   --undefined--
23.963447   --undefined--
23.978447   --undefined--
23.993447   --undefined--
24.008447   192.179295
24.023447   190.925454
24.038447   187.311866
24.053447   186.911263
24.068447   191.569517
24.083447   207.032457
24.098447   228.869682
24.113447   245.258421
24.128447   262.210158
24.143447   269.891454
24.158447   265.111466
24.173447   272.532647
END PITCH
0.302856172631234	NONE
Time_s   F0_Hz
24.178005   --undefined--
24.193005   --undefined--
24.208005   --undefined--
24.223005   --undefined--
24.238005   --undefined--
24.253005   --undefined--
24.268005   --undefined--
24.283005   --undefined--
24.298005   --undefined--
24.313005   --undefined--
24.328005   --undefined--
24.343005   --undefined--
24.358005   --undefined--
24.373005   --undefined--
24.388005   --undefined--
24.403005   --undefined--
24.418005   --undefined--
24.433005   --undefined--
24.448005   --undefined--
24.463005   --undefined--
24.478005   --undefined--
END PITCH
0.4956282356341788	NONE
Time_s   F0_Hz
25.320686   --undefined--
25.335686   188.247814
25.350686   183.826111
25.365686   176.203614
25.380686   176.174863
25.395686   177.692065
25.410686   176.619282
25.425686   174.205592
25.440686   174.748213
25.455686   175.373951
25.470686   177.556454
25.485686   180.277998
25.500686   183.393842
25.515686   186.880643
25.530686   189.714520
25.545686   194.812983
25.560686   199.873408
25.575686   202.622547
25.590686   203.313500
25.605686   200.599175
25.620686   195.040387
25.635686   188.229533
25.650686   177.791610
25.665686   170.921984
25.680686   169.335881
25.695686   168.356024
25.710686   167.304006
25.725686   167.293093
25.740686   --undefined--
25.755686   --undefined--
25.770686   --undefined--
25.785686   --undefined--
25.800686   --undefined--
25.815686   --undefined--
END PITCH
0.18058221426747778	NONE
Time_s   F0_Hz
25.978186   --undefined--
25.993186   --undefined--
26.008186   --undefined--
26.023186   177.919311
26.038186   180.867602
26.053186   184.581925
26.068186   190.076268
26.083186   194.180717
26.098186   193.017504
26.113186   194.413161
26.128186   191.355719
26.143186   194.045771
26.158186   202.679791
END PITCH
0.09680007468449503	NONE
Time_s   F0_Hz
26.161882   204.829084
26.176882   201.053710
26.191882   194.157064
26.206882   192.402162
26.221882   --undefined--
26.236882   --undefined--
26.251882   --undefined--
END PITCH
0.2688909943922191	NONE
Time_s   F0_Hz
26.262228   --undefined--
26.277228   --undefined--
26.292228   --undefined--
26.307228   --undefined--
26.322228   --undefined--
26.337228   174.154594
26.352228   178.725893
26.367228   183.544459
26.382228   187.056222
26.397228   195.413506
26.412228   206.369794
26.427228   219.698249
26.442228   224.723152
26.457228   228.449914
26.472228   231.513281
26.487228   231.003912
26.502228   228.300285
26.517228   226.904465
END PITCH
0.24624754223287582	NONE
Time_s   F0_Hz
26.527302   226.479453
26.542302   229.253024
26.557302   --undefined--
26.572302   --undefined--
26.587302   --undefined--
26.602302   --undefined--
26.617302   --undefined--
26.632302   --undefined--
26.647302   --undefined--
26.662302   --undefined--
26.677302   --undefined--
26.692302   --undefined--
26.707302   --undefined--
26.722302   --undefined--
26.737302   --undefined--
26.752302   --undefined--
26.767302   --undefined--
END PITCH
0.3425598150421827	NONE
Time_s   F0_Hz
29.374286   177.567445
29.389286   171.031055
29.404286   169.887409
29.419286   169.998717
29.434286   170.832796
29.449286   173.085829
29.464286   176.271843
29.479286   177.908301
29.494286   177.390765
29.509286   175.932560
29.524286   173.056437
29.539286   169.806550
29.554286   167.718722
29.569286   165.155717
29.584286   163.777120
29.599286   162.400383
29.614286   162.322726
29.629286   162.745907
29.644286   157.820741
29.659286   --undefined--
29.674286   --undefined--
29.689286   --undefined--
29.704286   --undefined--
END PITCH
0.15001287055565982	NONE
Time_s   F0_Hz
29.710567   --undefined--
29.725567   --undefined--
29.740567   --undefined--
29.755567   --undefined--
29.770567   191.935152
29.785567   187.289851
29.800567   184.848857
29.815567   183.202797
29.830567   179.154100
29.845567   180.516369
29.860567   184.688184
END PITCH
0.08491294559754081	NONE
Time_s   F0_Hz
29.865527   185.630948
29.880527   188.669869
29.895527   190.672849
29.910527   190.232521
29.925527   189.634987
29.940527   189.533435
END PITCH
0.2234170629092347	NONE
Time_s   F0_Hz
29.952200   190.883128
29.967200   195.750872
29.982200   194.764088
29.997200   194.111541
30.012200   192.229342
30.027200   189.927398
30.042200   189.532985
30.057200   185.366603
30.072200   --undefined--
30.087200   --undefined--
30.102200   --undefined--
30.117200   --undefined--
30.132200   --undefined--
30.147200   --undefined--
30.162200   --undefined--
END PITCH
0.16152162379962576	NONE
Time_s   F0_Hz
30.174671   --undefined--
30.189671   --undefined--
30.204671   --undefined--
30.219671   --undefined--
30.234671   --undefined--
30.249671   199.451085
30.264671   199.540828
30.279671   203.184277
30.294671   204.461898
30.309671   201.491892
30.324671   202.046952
END PITCH
0.27738228895197636	NONE
Time_s   F0_Hz
30.334116   203.839832
30.349116   --undefined--
30.364116   --undefined--
30.379116   --undefined--
30.394116   --undefined--
30.409116   --undefined--
30.424116   --undefined--
30.439116   196.346329
30.454116   191.873547
30.469116   188.107516
30.484116   184.315890
30.499116   180.373619
30.514116   175.636017
30.529116   175.539522
30.544116   172.607198
30.559116   167.713983
30.574116   169.031411
30.589116   --undefined--
30.604116   --undefined--
END PITCH
