#Each entry contains the duration of a syllable (in seconds), an optional label, and a pitch time series.
0	NONE
Time_s   F0_Hz
0   --undefined--
END PITCH
0.05929095953551519	NONE
Time_s   F0_Hz
0.176854   186.376548
0.191854   184.844749
0.206854   183.707558
0.221854   182.846744
END PITCH
0.6116983074185056	NONE
Time_s   F0_Hz
0.234853   181.714254
0.249853   181.840523
0.264853   183.582140
0.279853   183.789770
0.294853   181.184745
0.309853   179.130883
0.324853   178.281821
0.339853   178.209799
0.354853   176.501698
0.369853   174.597068
0.384853   173.390221
0.399853   86.130398
0.414853   85.573600
0.429853   85.449483
0.444853   85.270414
0.459853   85.067467
0.474853   84.804920
0.489853   84.637113
0.504853   84.744066
0.519853   --undefined--
0.534853   --undefined--
0.549853   --undefined--
0.564853   --undefined--
0.579853   --undefined--
0.594853   168.179847
0.609853   167.137735
0.624853   166.249188
0.639853   166.084900
0.654853   --undefined--
0.669853   --undefined--
0.684853   --undefined--
0.699853   --undefined--
0.714853   --undefined--
0.729853   --undefined--
0.744853   --undefined--
0.759853   --undefined--
0.774853   --undefined--
0.789853   --undefined--
0.804853   166.807114
0.819853   169.030124
0.834853   173.830389
END PITCH
0.2143325606558314	NONE
Time_s   F0_Hz
0.842868   176.680497
0.857868   187.735881
0.872868   194.078948
0.887868   202.235662
0.902868   210.961441
0.917868   206.887206
0.932868   201.229640
0.947868   213.427089
0.962868   --undefined--
0.977868   --undefined--
0.992868   --undefined--
1.007868   --undefined--
1.022868   --undefined--
1.037868   --undefined--
1.052868   383.468324
END PITCH
0.17947268680699469	NONE
Time_s   F0_Hz
1.062273   374.129333
1.077273   366.110528
1.092273   367.301105
1.107273   371.567475
1.122273   380.884868
1.137273   383.827173
1.152273   380.593198
1.167273   386.159876
1.182273   387.314900
1.197273   --undefined--
1.212273   --undefined--
1.227273   --undefined--
END PITCH
0.8743299106023408	NONE
Time_s   F0_Hz
1.236678   --undefined--
1.251678   --undefined--
1.266678   --undefined--
1.281678   --undefined--
1.296678   --undefined--
1.311678   --undefined--
1.326678   --undefined--
1.341678   --undefined--
1.356678   --undefined--
1.371678   232.702520
1.386678   225.525035
1.401678   220.473923
1.416678   216.274959
1.431678   209.535105
1.446678   205.520780
1.461678   204.146064
1.476678   200.661760
1.491678   195.127778
1.506678   191.386341
1.521678   190.875896
1.536678   191.701064
1.551678   190.570895
1.566678   187.907260
1.581678   186.119700
1.596678   184.947174
1.611678   184.805421
1.626678   183.604276
1.641678   181.244636
1.656678   179.557227
1.671678   177.618819
1.686678   175.419298
1.701678   173.390142
1.716678   172.297467
1.731678   171.881175
1.746678   172.106381
1.761678   172.020976
1.776678   172.298417
1.791678   172.497346
1.806678   172.110191
1.821678   172.697731
1.836678   173.538451
1.851678   173.108124
1.866678   174.269183
1.881678   174.351067
1.896678   175.191967
1.911678   177.744279
1.926678   181.378174
1.941678   184.946149
1.956678   188.195053
1.971678   193.846853
1.986678   203.187561
2.001678   213.222621
2.016678   209.155245
2.031678   213.838143
2.046678   226.584075
2.061678   226.671086
2.076678   --undefined--
2.091678   --undefined--
2.106678   --undefined--
END PITCH
0.06267781811904483	NONE
Time_s   F0_Hz
3.267846   --undefined--
3.282846   --undefined--
3.297846   --undefined--
3.312846   --undefined--
3.327846   375.561004
END PITCH
0.17517783499129447	NONE
Time_s   F0_Hz
3.334269   374.692792
3.349269   374.208619
3.364269   376.981233
3.379269   398.156536
3.394269   417.707760
3.409269   428.793114
3.424269   431.564193
3.439269   429.901233
3.454269   425.035300
3.469269   --undefined--
3.484269   --undefined--
3.499269   --undefined--
END PITCH
0.6421443468896606	NONE
Time_s   F0_Hz
3.510431   --undefined--
3.525431   --undefined--
3.540431   --undefined--
3.555431   --undefined--
3.570431   --undefined--
3.585431   --undefined--
3.600431   --undefined--
3.615431   --undefined--
3.630431   --undefined--
3.645431   --undefined--
3.660431   --undefined--
3.675431   --undefined--
3.690431   104.228606
3.705431   103.530774
3.720431   100.900147
3.735431   --undefined--
3.750431   --undefined--
3.765431   --undefined--
3.780431   --undefined--
3.795431   --undefined--
3.810431   --undefined--
3.825431   --undefined--
3.840431   --undefined--
3.855431   --undefined--
3.870431   --undefined--
3.885431   --undefined--
3.900431   195.071588
3.915431   194.827908
3.930431   196.627503
3.945431   200.015627
3.960431   199.703697
3.975431   203.231116
3.990431   208.497629
4.005431   212.451565
4.020431   220.440302
4.035431   --undefined--
4.050431   --undefined--
4.065431   --undefined--
4.080431   --undefined--
4.095431   --undefined--
4.110431   --undefined--
4.125431   --undefined--
4.140431   --undefined--
END PITCH
0.20212827114380172	NONE
Time_s   F0_Hz
5.003997   --undefined--
5.018997   --undefined--
5.033997   --undefined--
5.048997   --undefined--
5.063997   --undefined--
5.078997   --undefined--
5.093997   --undefined--
5.108997   --undefined--
5.123997   --undefined--
5.138997   --undefined--
5.153997   --undefined--
5.168997   --undefined--
5.183997   --undefined--
5.198997   --undefined--
END PITCH
0.1623763778188536	NONE
Time_s   F0_Hz
5.208741   298.103292
5.223741   287.225366
5.238741   281.420893
5.253741   280.221990
5.268741   278.995677
5.283741   282.678902
5.298741   287.935898
5.313741   297.535875
5.328741   313.151004
5.343741   322.976358
5.358741   328.889917
END PITCH
0.5012781124366281	NONE
Time_s   F0_Hz
5.368067   336.205285
5.383067   348.124406
5.398067   364.488067
5.413067   371.727390
5.428067   389.142352
5.443067   400.790489
5.458067   410.206678
5.473067   415.686263
5.488067   423.030537
5.503067   421.586165
5.518067   415.273602
5.533067   425.162476
5.548067   446.257506
5.563067   437.162838
5.578067   --undefined--
5.593067   --undefined--
5.608067   --undefined--
5.623067   --undefined--
5.638067   --undefined--
5.653067   --undefined--
5.668067   --undefined--
5.683067   --undefined--
5.698067   --undefined--
5.713067   210.773580
5.728067   205.667331
5.743067   200.941046
5.758067   199.962512
5.773067   194.845035
5.788067   188.823616
5.803067   189.957345
5.818067   189.398146
5.833067   187.163227
5.848067   185.493678
5.863067   186.757210
END PITCH
0.17048778994187153	NONE
Time_s   F0_Hz
9.141253   --undefined--
9.156253   --undefined--
9.171253   --undefined--
9.186253   --undefined--
9.201253   --undefined--
9.216253   --undefined--
9.231253   --undefined--
9.246253   --undefined--
9.261253   346.225489
9.276253   344.820539
9.291253   --undefined--
9.306253   --undefined--
END PITCH
0.2935122100581271	NONE
Time_s   F0_Hz
9.313248   --undefined--
9.328248   --undefined--
9.343248   --undefined--
9.358248   --undefined--
9.373248   --undefined--
9.388248   --undefined--
9.403248   204.397408
9.418248   198.808044
9.433248   195.314104
9.448248   190.657607
9.463248   190.302838
9.478248   184.031379
9.493248   181.583003
9.508248   181.058675
9.523248   --undefined--
9.538248   --undefined--
9.553248   --undefined--
9.568248   --undefined--
9.583248   --undefined--
9.598248   --undefined--
END PITCH
0.2560000000000002	NONE
Time_s   F0_Hz
9.602999   --undefined--
9.617999   --undefined--
9.632999   --undefined--
9.647999   182.410417
9.662999   176.367878
9.677999   174.284661
9.692999   --undefined--
9.707999   --undefined--
9.722999   --undefined--
9.737999   162.287686
9.752999   161.261144
9.767999   162.811845
9.782999   162.223478
9.797999   --undefined--
9.812999   --undefined--
9.827999   --undefined--
9.842999   --undefined--
9.857999   --undefined--
END PITCH
0.41600000000000037	NONE
Time_s   F0_Hz
9.864008   --undefined--
9.879008   --undefined--
9.894008   --undefined--
9.909008   --undefined--
9.924008   --undefined--
9.939008   --undefined--
9.954008   --undefined--
9.969008   --undefined--
9.984008   --undefined--
9.999008   --undefined--
10.014008   --undefined--
10.029008   --undefined--
10.044008   --undefined--
10.059008   --undefined--
10.074008   --undefined--
10.089008   --undefined--
10.104008   179.364250
10.119008   180.106170
10.134008   185.787082
10.149008   192.390051
10.164008   194.551691
10.179008   194.845922
10.194008   --undefined--
10.209008   --undefined--
10.224008   --undefined--
10.239008   --undefined--
10.254008   --undefined--
10.269008   --undefined--
END PITCH
0.356703709228114	NONE
Time_s   F0_Hz
15.896355   341.712804
15.911355   336.536019
15.926355   332.834041
15.941355   328.844737
15.956355   326.882708
15.971355   328.209039
15.986355   329.920303
16.001355   331.569186
16.016355   335.489737
16.031355   342.844985
16.046355   349.214943
16.061355   348.708691
16.076355   346.117809
16.091355   351.215815
16.106355   --undefined--
16.121355   --undefined--
16.136355   --undefined--
16.151355   --undefined--
16.166355   --undefined--
16.181355   --undefined--
16.196355   --undefined--
16.211355   --undefined--
16.226355   --undefined--
16.241355   --undefined--
END PITCH
0.17129629077188824	NONE
Time_s   F0_Hz
16.250357   506.004719
16.265357   504.207041
16.280357   499.277487
16.295357   500.108783
16.310357   503.430955
16.325357   502.852440
16.340357   507.721746
16.355357   --undefined--
16.370357   --undefined--
16.385357   --undefined--
16.400357   --undefined--
16.415357   --undefined--
END PITCH
0.7839999999999989	NONE
Time_s   F0_Hz
16.420510   --undefined--
16.435510   --undefined--
16.450510   --undefined--
16.465510   --undefined--
16.480510   --undefined--
16.495510   --undefined--
16.510510   --undefined--
16.525510   229.284262
16.540510   217.930557
16.555510   209.991795
16.570510   203.922697
16.585510   201.765659
16.600510   194.613571
16.615510   195.070834
16.630510   190.700565
16.645510   185.902649
16.660510   183.495981
16.675510   183.428463
16.690510   183.633952
16.705510   182.323729
16.720510   --undefined--
16.735510   --undefined--
16.750510   --undefined--
16.765510   --undefined--
16.780510   --undefined--
16.795510   --undefined--
16.810510   --undefined--
16.825510   --undefined--
16.840510   --undefined--
16.855510   --undefined--
16.870510   --undefined--
16.885510   172.448495
16.900510   173.280854
16.915510   176.831137
16.930510   180.461355
16.945510   183.227518
16.960510   187.509228
16.975510   192.931560
16.990510   197.060333
17.005510   200.909044
17.020510   --undefined--
17.035510   --undefined--
17.050510   --undefined--
17.065510   --undefined--
17.080510   --undefined--
17.095510   --undefined--
17.110510   --undefined--
17.125510   --undefined--
17.140510   --undefined--
17.155510   --undefined--
17.170510   --undefined--
17.185510   --undefined--
17.200510   --undefined--
END PITCH
0.1888760213812617	NONE
Time_s   F0_Hz
22.262948   294.510472
22.277948   282.588083
22.292948   281.400180
22.307948   281.740105
22.322948   281.712320
22.337948   282.297494
22.352948   280.963167
22.367948   282.699409
22.382948   291.237285
22.397948   300.619948
22.412948   298.779551
22.427948   303.217489
22.442948   307.285566
END PITCH
0.2241216312420491	NONE
Time_s   F0_Hz
22.454444   307.938610
22.469444   308.018536
22.484444   306.680814
22.499444   307.345136
22.514444   306.742715
22.529444   303.575568
22.544444   --undefined--
22.559444   --undefined--
22.574444   --undefined--
22.589444   --undefined--
22.604444   --undefined--
22.619444   --undefined--
22.634444   --undefined--
22.649444   --undefined--
22.664444   --undefined--
END PITCH
0.17900234737668796	NONE
Time_s   F0_Hz
22.678498   325.648080
22.693498   325.400820
22.708498   322.364132
22.723498   328.175833
22.738498   334.364232
22.753498   347.970814
22.768498   356.788933
22.783498   --undefined--
22.798498   --undefined--
22.813498   --undefined--
22.828498   --undefined--
22.843498   --undefined--
END PITCH
0.3667439847115759	NONE
Time_s   F0_Hz
22.853878   --undefined--
22.868878   --undefined--
22.883878   --undefined--
22.898878   331.386627
22.913878   303.286680
22.928878   279.472993
22.943878   265.588341
22.958878   245.126213
22.973878   230.910609
22.988878   223.927147
23.003878   214.577191
23.018878   209.298812
23.033878   209.576054
23.048878   202.639381
23.063878   197.267994
23.078878   190.990177
23.093878   186.831854
23.108878   186.485366
23.123878   189.341123
23.138878   190.522984
23.153878   190.216672
23.168878   188.052369
23.183878   186.642127
23.198878   185.867056
23.213878   186.505785
END PITCH
0.5194829261939198	NONE
Time_s   F0_Hz
24.615238   --undefined--
24.630238   --undefined--
24.645238   339.273190
24.660238   330.806449
24.675238   321.214745
24.690238   307.576350
24.705238   296.705964
24.720238   291.862110
24.735238   278.205532
24.750238   270.192057
24.765238   264.096019
24.780238   258.067288
24.795238   256.700183
24.810238   257.089113
24.825238   255.135382
24.840238   254.124495
24.855238   252.891343
24.870238   250.936454
24.885238   249.386883
24.900238   246.985932
24.915238   240.764664
24.930238   237.910997
24.945238   238.226899
24.960238   236.817027
24.975238   236.358163
24.990238   241.792961
25.005238   240.977091
25.020238   222.681350
25.035238   215.498724
25.050238   213.059620
25.065238   219.287486
25.080238   223.893742
25.095238   219.233024
25.110238   215.230331
25.125238   --undefined--
END PITCH
0.15533365988692083	NONE
Time_s   F0_Hz
27.641837   --undefined--
27.656837   418.469162
27.671837   413.053531
27.686837   405.608773
27.701837   398.756287
27.716837   397.976211
27.731837   --undefined--
27.746837   --undefined--
27.761837   --undefined--
27.776837   --undefined--
27.791837   --undefined--
END PITCH
0.4242691576179247	NONE
Time_s   F0_Hz
27.796644   --undefined--
27.811644   --undefined--
27.826644   --undefined--
27.841644   --undefined--
27.856644   --undefined--
27.871644   --undefined--
27.886644   222.634537
27.901644   207.295495
27.916644   200.315382
27.931644   195.661351
27.946644   192.658008
27.961644   191.323466
27.976644   191.123366
27.991644   190.673666
28.006644   188.567704
28.021644   190.917413
28.036644   201.306403
28.051644   195.676829
28.066644   185.543827
28.081644   182.223851
28.096644   184.293781
28.111644   186.306128
28.126644   189.809649
28.141644   189.818170
28.156644   189.181996
28.171644   191.379067
28.186644   196.741754
28.201644   --undefined--
28.216644   --undefined--
END PITCH
