#Each entry contains the duration of a syllable (in seconds), an optional label, and a pitch time series.
0	NONE
Time_s   F0_Hz
0   --undefined--
END PITCH
0.27354705424248404	NONE
Time_s   F0_Hz
0.379841   313.324429
0.394841   324.346375
0.409841   352.164009
0.424841   381.852000
0.439841   413.381168
0.454841   438.383980
0.469841   455.297089
0.484841   458.161115
0.499841   456.114452
0.514841   449.930587
0.529841   --undefined--
0.544841   --undefined--
0.559841   --undefined--
0.574841   --undefined--
0.589841   --undefined--
0.604841   --undefined--
0.619841   --undefined--
0.634841   --undefined--
0.649841   577.555576
END PITCH
0.18339058859705093	NONE
Time_s   F0_Hz
0.653299   575.734216
0.668299   574.285832
0.683299   570.888520
0.698299   566.202589
0.713299   561.874794
0.728299   553.057808
0.743299   532.213102
0.758299   502.772169
0.773299   499.897076
0.788299   --undefined--
0.803299   --undefined--
0.818299   --undefined--
0.833299   --undefined--
END PITCH
0.30400000000000005	NONE
Time_s   F0_Hz
0.836995   --undefined--
0.851995   --undefined--
0.866995   --undefined--
0.881995   --undefined--
0.896995   --undefined--
0.911995   --undefined--
0.926995   --undefined--
0.941995   301.479121
0.956995   295.668347
0.971995   283.337208
0.986995   265.983095
1.001995   246.468550
1.016995   233.402278
1.031995   223.265366
1.046995   218.538609
1.061995   211.574807
1.076995   203.450785
1.091995   192.753348
1.106995   187.916006
1.121995   190.243172
1.136995   194.136572
END PITCH
0.24	NONE
Time_s   F0_Hz
1.139002   195.424895
1.154002   216.791825
1.169002   219.850830
1.184002   219.811640
1.199002   219.230932
1.214002   218.327794
1.229002   216.757760
1.244002   216.393886
1.259002   218.018913
1.274002   220.138430
1.289002   223.923593
1.304002   226.471908
1.319002   226.560155
1.334002   220.618613
1.349002   213.740041
1.364002   213.881914
END PITCH
0.4339801017615139	NONE
Time_s   F0_Hz
1.385986   235.666831
1.400986   254.202741
1.415986   267.170786
1.430986   269.659551
1.445986   275.208203
1.460986   282.841450
1.475986   294.337349
1.490986   316.916291
1.505986   330.139911
1.520986   357.048279
1.535986   379.891888
1.550986   394.650351
1.565986   405.176544
1.580986   412.867295
1.595986   420.079282
1.610986   428.369321
1.625986   438.359628
1.640986   450.331531
1.655986   454.973197
1.670986   457.410005
1.685986   460.354362
1.700986   457.403014
1.715986   443.891020
1.730986   430.143328
1.745986   447.054468
1.760986   454.594246
1.775986   453.582102
1.790986   --undefined--
1.805986   --undefined--
END PITCH
0.16130067617493182	NONE
Time_s   F0_Hz
2.248651   386.429569
2.263651   383.311940
2.278651   383.264387
2.293651   384.698727
2.308651   384.732304
2.323651   386.268764
2.338651   391.284449
2.353651   396.792656
2.368651   399.757044
2.383651   399.725860
2.398651   399.834627
END PITCH
0.9426993238250683	NONE
Time_s   F0_Hz
2.410658   399.676738
2.425658   401.292012
2.440658   402.468413
2.455658   402.724590
2.470658   405.892724
2.485658   409.654869
2.500658   415.872938
2.515658   425.740022
2.530658   423.275582
2.545658   424.540334
2.560658   424.419291
2.575658   422.615000
2.590658   422.336569
2.605658   421.873521
2.620658   415.089604
2.635658   405.112533
2.650658   397.356411
2.665658   403.394724
2.680658   407.456284
2.695658   406.396582
2.710658   404.928009
2.725658   402.663187
2.740658   399.614620
2.755658   397.560493
2.770658   395.156742
2.785658   392.289128
2.800658   389.102521
2.815658   388.282863
2.830658   387.461008
2.845658   386.078384
2.860658   382.509447
2.875658   378.219133
2.890658   375.922197
2.905658   373.527479
2.920658   370.107190
2.935658   366.245683
2.950658   363.915923
2.965658   362.695577
2.980658   360.381758
2.995658   356.800930
3.010658   351.707863
3.025658   347.965803
3.040658   345.964709
3.055658   341.732744
3.070658   335.618623
3.085658   331.666823
3.100658   327.542613
3.115658   325.131143
3.130658   322.911053
3.145658   320.050800
3.160658   316.753529
3.175658   312.275844
3.190658   308.903558
3.205658   308.044951
3.220658   306.181600
3.235658   302.345174
3.250658   299.758789
3.265658   294.367704
3.280658   283.192837
3.295658   292.155975
3.310658   --undefined--
3.325658   98.220039
3.340658   99.144294
END PITCH
0.3200288065441095	NONE
Time_s   F0_Hz
4.757511   310.035626
4.772511   309.320433
4.787511   308.108262
4.802511   306.774950
4.817511   305.754085
4.832511   305.358894
4.847511   305.124590
4.862511   304.704939
4.877511   304.613180
4.892511   305.704772
4.907511   307.495667
4.922511   309.770983
4.937511   313.072667
4.952511   316.815163
4.967511   319.898466
4.982511   320.874251
4.997511   322.462523
5.012511   324.239750
5.027511   321.621303
5.042511   317.246455
5.057511   325.479242
5.072511   334.606115
END PITCH
0.5162530190360597	NONE
Time_s   F0_Hz
5.078163   336.392044
5.093163   343.773482
5.108163   353.553253
5.123163   363.607454
5.138163   367.303312
5.153163   372.321303
5.168163   385.948605
5.183163   382.386603
5.198163   382.845553
5.213163   388.924389
5.228163   389.979932
5.243163   392.953213
5.258163   393.429131
5.273163   394.657140
5.288163   395.291436
5.303163   395.784252
5.318163   395.980404
5.333163   394.588042
5.348163   391.594752
5.363163   388.009443
5.378163   386.584192
5.393163   387.000347
5.408163   385.788193
5.423163   381.330017
5.438163   375.541308
5.453163   372.116029
5.468163   369.510460
5.483163   365.951751
5.498163   362.847247
5.513163   360.676417
5.528163   354.593469
5.543163   344.140412
5.558163   341.283348
5.573163   334.232949
5.588163   330.426787
END PITCH
0.12789216025930283	NONE
Time_s   F0_Hz
5.595238   329.221775
5.610238   327.240519
5.625238   324.698631
5.640238   320.673872
5.655238   316.579814
5.670238   313.454237
5.685238   311.378805
5.700238   313.396148
5.715238   319.461266
END PITCH
0.12382601416052808	NONE
Time_s   F0_Hz
5.721088   321.694234
5.736088   325.909214
5.751088   327.857087
5.766088   330.359047
5.781088   332.143207
5.796088   330.709206
5.811088   328.122120
5.826088   328.378722
5.841088   335.104604
END PITCH
0.12960728609353733	NONE
Time_s   F0_Hz
5.847800   339.503654
5.862800   343.463120
5.877800   342.834428
5.892800   344.999158
5.907800   347.107204
5.922800   347.282882
5.937800   351.675205
5.952800   354.598064
5.967800   343.242163
END PITCH
0.16359186577246643	NONE
Time_s   F0_Hz
5.979399   343.270376
5.994399   359.493307
6.009399   364.863094
6.024399   355.533657
6.039399   350.107787
6.054399   347.940323
6.069399   347.986505
6.084399   343.971884
6.099399   340.537104
6.114399   349.845654
6.129399   346.681387
END PITCH
0.17080084813399665	NONE
Time_s   F0_Hz
6.139099   170.258339
6.154099   --undefined--
6.169099   --undefined--
6.184099   --undefined--
6.199099   --undefined--
6.214099   --undefined--
6.229099   357.149566
6.244099   352.606330
6.259099   350.819785
6.274099   360.557473
6.289099   355.737268
6.304099   --undefined--
END PITCH
0.14862060972401103	NONE
Time_s   F0_Hz
6.313815   --undefined--
6.328815   --undefined--
6.343815   379.415681
6.358815   373.812534
6.373815   367.909938
6.388815   365.060900
6.403815   360.873364
6.418815   347.574510
6.433815   345.169613
6.448815   360.007845
END PITCH
0.5602952725118033	NONE
Time_s   F0_Hz
6.458271   363.199147
6.473271   361.865230
6.488271   355.596579
6.503271   355.147360
6.518271   355.293935
6.533271   355.862374
6.548271   364.164126
6.563271   369.473618
6.578271   372.677849
6.593271   377.980532
6.608271   393.859942
6.623271   404.535398
6.638271   420.075510
6.653271   439.317278
6.668271   451.602988
6.683271   460.804427
6.698271   469.235276
6.713271   479.924868
6.728271   476.924543
6.743271   466.589484
6.758271   470.192604
6.773271   476.036538
6.788271   --undefined--
6.803271   --undefined--
6.818271   --undefined--
6.833271   --undefined--
6.848271   --undefined--
6.863271   --undefined--
6.878271   --undefined--
6.893271   --undefined--
6.908271   --undefined--
6.923271   --undefined--
6.938271   --undefined--
6.953271   --undefined--
6.968271   --undefined--
6.983271   --undefined--
6.998271   --undefined--
7.013271   --undefined--
END PITCH
0.2079999999999993	NONE
Time_s   F0_Hz
7.881491   338.228890
7.896491   340.789391
7.911491   341.640570
7.926491   344.060210
7.941491   345.566037
7.956491   346.394005
7.971491   347.879175
7.986491   347.816647
8.001491   346.519392
8.016491   354.518260
8.031491   365.334469
8.046491   359.490529
8.061491   356.283568
8.076491   361.066166
END PITCH
0.09600000000000009	NONE
Time_s   F0_Hz
8.085998   357.634614
8.100998   344.093887
8.115998   338.688391
8.130998   340.286737
8.145998   350.551399
8.160998   346.135568
8.175998   345.338337
END PITCH
0.13680705285843686	NONE
Time_s   F0_Hz
8.179904   344.861882
8.194904   334.842520
8.209904   362.479391
8.224904   355.050289
8.239904   348.158968
8.254904   335.438587
8.269904   330.873866
8.284904   344.256538
8.299904   349.362670
8.314904   361.230351
END PITCH
0.18102378589576062	NONE
Time_s   F0_Hz
8.316315   361.226665
8.331315   355.432703
8.346315   351.046135
8.361315   350.588227
8.376315   350.762615
8.391315   352.336940
8.406315   354.925494
8.421315   357.741566
8.436315   360.655532
8.451315   363.979566
8.466315   360.444579
8.481315   345.874757
8.496315   356.695174
END PITCH
0.1810237858957624	NONE
Time_s   F0_Hz
8.497336   357.846780
8.512336   388.690991
8.527336   383.747969
8.542336   371.535849
8.557336   363.478218
8.572336   357.210858
8.587336   351.858805
8.602336   356.460490
8.617336   359.603874
8.632336   358.844600
8.647336   360.955027
8.662336   383.351970
8.677336   396.721821
END PITCH
0.23466046319820855	NONE
Time_s   F0_Hz
8.682681   396.714856
8.697681   395.218691
8.712681   393.855124
8.727681   392.885655
8.742681   395.287537
8.757681   399.605651
8.772681   405.530599
8.787681   414.040166
8.802681   425.620684
8.817681   433.867527
8.832681   436.158222
8.847681   442.626936
8.862681   443.543315
8.877681   438.748602
8.892681   --undefined--
8.907681   --undefined--
END PITCH
0.4250260050699275	NONE
Time_s   F0_Hz
9.036485   --undefined--
9.051485   --undefined--
9.066485   --undefined--
9.081485   --undefined--
9.096485   --undefined--
9.111485   --undefined--
9.126485   --undefined--
9.141485   --undefined--
9.156485   --undefined--
9.171485   --undefined--
9.186485   --undefined--
9.201485   273.288324
9.216485   282.317390
9.231485   290.902690
9.246485   296.906930
9.261485   299.134602
9.276485   299.068627
9.291485   299.807644
9.306485   298.524817
9.321485   297.612346
9.336485   297.116127
9.351485   292.625267
9.366485   285.471341
9.381485   280.012869
9.396485   275.407811
9.411485   272.532527
9.426485   275.971816
9.441485   275.924463
9.456485   --undefined--
END PITCH
0.10459152073977229	NONE
Time_s   F0_Hz
11.257063   --undefined--
11.272063   --undefined--
11.287063   --undefined--
11.302063   --undefined--
11.317063   --undefined--
11.332063   --undefined--
11.347063   --undefined--
END PITCH
0.17163736736783441	NONE
Time_s   F0_Hz
11.357670   253.882335
11.372670   254.199577
11.387670   --undefined--
11.402670   --undefined--
11.417670   --undefined--
11.432670   --undefined--
11.447670   --undefined--
11.462670   --undefined--
11.477670   --undefined--
11.492670   --undefined--
11.507670   --undefined--
11.522670   --undefined--
END PITCH
0.2923198912983409	NONE
Time_s   F0_Hz
11.529654   --undefined--
11.544654   --undefined--
11.559654   --undefined--
11.574654   --undefined--
11.589654   --undefined--
11.604654   --undefined--
11.619654   --undefined--
11.634654   --undefined--
11.649654   311.512770
11.664654   317.177322
11.679654   320.126719
11.694654   320.969841
11.709654   319.808058
11.724654   315.695407
11.739654   310.076255
11.754654   307.014620
11.769654   307.152515
11.784654   303.365006
11.799654   290.825039
11.814654   281.188750
END PITCH
0.1904102044236886	NONE
Time_s   F0_Hz
11.823526   285.091577
11.838526   305.159386
11.853526   317.643055
11.868526   294.765866
11.883526   288.021338
11.898526   281.399149
11.913526   277.254272
11.928526   274.266480
11.943526   271.697021
11.958526   270.948242
11.973526   271.634659
11.988526   271.259207
12.003526   266.672535
END PITCH
0.43713892001495047	NONE
Time_s   F0_Hz
12.009802   264.016815
12.024802   262.875487
12.039802   --undefined--
12.054802   --undefined--
12.069802   --undefined--
12.084802   --undefined--
12.099802   283.480886
12.114802   281.290879
12.129802   279.891602
12.144802   281.367059
12.159802   283.922109
12.174802   285.841707
12.189802   288.220615
12.204802   293.106453
12.219802   301.678292
12.234802   306.831874
12.249802   311.483282
12.264802   316.933158
12.279802   320.059328
12.294802   323.235790
12.309802   320.115492
12.324802   318.583941
12.339802   323.061048
12.354802   327.720750
12.369802   317.970452
12.384802   325.369768
12.399802   --undefined--
12.414802   --undefined--
12.429802   --undefined--
12.444802   --undefined--
END PITCH
0.13943671244905076	NONE
Time_s   F0_Hz
13.637217   280.559201
13.652217   281.453802
13.667217   280.789206
13.682217   291.753227
13.697217   316.303997
13.712217   339.372942
13.727217   360.913433
13.742217   376.168962
13.757217   376.135880
13.772217   383.626915
END PITCH
0.30304722675883156	NONE
Time_s   F0_Hz
13.775964   389.999817
13.790964   417.728333
13.805964   425.805950
13.820964   433.402779
13.835964   448.677491
13.850964   450.470315
13.865964   457.542560
13.880964   452.491704
13.895964   436.731809
13.910964   420.249887
13.925964   416.737077
13.940964   --undefined--
13.955964   --undefined--
13.970964   --undefined--
13.985964   --undefined--
14.000964   --undefined--
14.015964   --undefined--
14.030964   --undefined--
14.045964   --undefined--
14.060964   --undefined--
14.075964   330.376609
END PITCH
0.4049569136334821	NONE
Time_s   F0_Hz
14.084966   326.379579
14.099966   321.251402
14.114966   313.440659
14.129966   303.113157
14.144966   295.946195
14.159966   287.359233
14.174966   281.085290
14.189966   277.985807
14.204966   273.636945
14.219966   273.332959
14.234966   272.561571
14.249966   275.299070
14.264966   276.388930
14.279966   276.474535
14.294966   275.009544
14.309966   272.544666
14.324966   269.876090
14.339966   266.940348
14.354966   265.770857
14.369966   268.367280
14.384966   272.429317
14.399966   274.388135
14.414966   277.240051
14.429966   276.736059
14.444966   --undefined--
14.459966   --undefined--
14.474966   --undefined--
END PITCH
0.19199999999999662	NONE
Time_s   F0_Hz
15.256995   428.805473
15.271995   429.172755
15.286995   435.017683
15.301995   --undefined--
15.316995   --undefined--
15.331995   --undefined--
15.346995   506.513100
15.361995   490.366609
15.376995   492.685367
15.391995   498.745697
15.406995   496.116850
15.421995   493.022432
15.436995   483.751056
END PITCH
0.2293231480182918	NONE
Time_s   F0_Hz
15.445153   481.779136
15.460153   500.493450
15.475153   504.251243
15.490153   491.033704
15.505153   469.140434
15.520153   447.850685
15.535153   437.018559
15.550153   437.674065
15.565153   --undefined--
15.580153   --undefined--
15.595153   --undefined--
15.610153   --undefined--
15.625153   --undefined--
15.640153   --undefined--
15.655153   --undefined--
15.670153   316.838961
END PITCH
0.25067685198170864	NONE
Time_s   F0_Hz
15.677653   312.082876
15.692653   306.184825
15.707653   300.901519
15.722653   297.212649
15.737653   293.272053
15.752653   287.186189
15.767653   285.151777
15.782653   284.559451
15.797653   282.750831
15.812653   283.673302
15.827653   286.434391
15.842653   289.389343
15.857653   293.474743
15.872653   296.134591
15.887653   293.296437
15.902653   288.032615
15.917653   295.980169
END PITCH
0.1515982277866499	NONE
Time_s   F0_Hz
15.923798   305.674821
15.938798   324.201841
15.953798   326.224662
15.968798   333.953192
15.983798   358.776436
15.998798   407.364348
16.013798   441.510432
16.028798   454.999171
16.043798   455.772947
16.058798   454.608486
16.073798   452.733970
END PITCH
0.1823647028283233	NONE
Time_s   F0_Hz
16.075782   452.769377
16.090782   453.134835
16.105782   458.345665
16.120782   466.258326
16.135782   489.514785
16.150782   491.073101
16.165782   486.393169
16.180782   462.896235
16.195782   454.221630
16.210782   456.666686
16.225782   446.975809
16.240782   444.014385
16.255782   440.263266
END PITCH
0.19403706938502907	NONE
Time_s   F0_Hz
16.263980   435.658193
16.278980   421.230193
16.293980   412.670212
16.308980   404.549887
16.323980   391.777597
16.338980   386.359443
16.353980   373.414499
16.368980   365.059591
16.383980   358.037278
16.398980   346.370348
16.413980   326.497331
16.428980   342.816907
16.443980   344.411255
END PITCH
0.1280000000000001	NONE
Time_s   F0_Hz
16.455000   341.928750
16.470000   340.558331
16.485000   310.535636
16.500000   294.801237
16.515000   281.546803
16.530000   267.972788
16.545000   269.989974
16.560000   266.510632
16.575000   282.921334
END PITCH
0.16000000000000014	NONE
Time_s   F0_Hz
16.584002   277.729518
16.599002   266.884117
16.614002   258.786065
16.629002   245.800837
16.644002   235.729780
16.659002   229.500074
16.674002   220.346350
16.689002   223.172104
16.704002   228.956808
16.719002   229.845525
16.734002   228.257749
END PITCH
0.1911032307606888	NONE
Time_s   F0_Hz
16.744558   --undefined--
16.759558   --undefined--
16.774558   --undefined--
16.789558   --undefined--
16.804558   --undefined--
16.819558   --undefined--
16.834558   --undefined--
16.849558   --undefined--
16.864558   --undefined--
16.879558   --undefined--
16.894558   --undefined--
16.909558   --undefined--
16.924558   --undefined--
END PITCH
0.32089676923931165	NONE
Time_s   F0_Hz
16.933056   --undefined--
16.948056   --undefined--
16.963056   --undefined--
16.978056   --undefined--
16.993056   --undefined--
17.008056   --undefined--
17.023056   --undefined--
17.038056   344.539264
17.053056   330.945911
17.068056   --undefined--
17.083056   --undefined--
17.098056   --undefined--
17.113056   --undefined--
17.128056   --undefined--
17.143056   --undefined--
17.158056   162.572336
17.173056   162.966447
17.188056   162.000267
17.203056   161.569017
17.218056   162.435702
17.233056   162.498250
17.248056   156.355373
END PITCH
0.7990340561628848	NONE
Time_s   F0_Hz
18.152988   --undefined--
18.167988   --undefined--
18.182988   --undefined--
18.197988   --undefined--
18.212988   --undefined--
18.227988   --undefined--
18.242988   --undefined--
18.257988   --undefined--
18.272988   434.597517
18.287988   419.531369
18.302988   419.957570
18.317988   414.971459
18.332988   391.311584
18.347988   366.946335
18.362988   --undefined--
18.377988   --undefined--
18.392988   --undefined--
18.407988   --undefined--
18.422988   --undefined--
18.437988   --undefined--
18.452988   --undefined--
18.467988   --undefined--
18.482988   --undefined--
18.497988   --undefined--
18.512988   --undefined--
18.527988   --undefined--
18.542988   --undefined--
18.557988   --undefined--
18.572988   230.937903
18.587988   224.575833
18.602988   222.882161
18.617988   218.457718
18.632988   207.368697
18.647988   385.228640
18.662988   361.313103
18.677988   337.670687
18.692988   309.085661
18.707988   281.858809
18.722988   268.164618
18.737988   244.985346
18.752988   235.325725
18.767988   227.043523
18.782988   214.146155
18.797988   205.963940
18.812988   199.940677
18.827988   --undefined--
18.842988   --undefined--
18.857988   --undefined--
18.872988   --undefined--
18.887988   --undefined--
18.902988   --undefined--
18.917988   --undefined--
END PITCH
