#Each entry contains the duration of a syllable (in seconds), an optional label, and a pitch time series.
0	NONE
Time_s   F0_Hz
0   --undefined--
END PITCH
0.30002574111131797	NONE
Time_s   F0_Hz
0.193821   225.396879
0.208821   218.516340
0.223821   217.085540
0.238821   216.421762
0.253821   216.086288
0.268821   216.751871
0.283821   218.457611
0.298821   219.738222
0.313821   221.635023
0.328821   225.168903
0.343821   228.649598
0.358821   232.591573
0.373821   236.411994
0.388821   242.924979
0.403821   249.237590
0.418821   257.717163
0.433821   268.557767
0.448821   273.298592
0.463821   274.395185
0.478821   275.383820
0.493821   278.600314
END PITCH
0.15284330207557706	NONE
Time_s   F0_Hz
0.495249   278.897770
0.510249   280.569457
0.525249   285.731900
0.540249   297.610493
0.555249   301.185351
0.570249   302.205368
0.585249   299.571368
0.600249   294.781594
0.615249   293.395062
0.630249   290.168309
0.645249   284.010567
END PITCH
0.1443520075158229	NONE
Time_s   F0_Hz
0.651344   282.421226
0.666344   278.830135
0.681344   272.531046
0.696344   265.384183
0.711344   236.205264
0.726344   222.991359
0.741344   214.226782
0.756344   208.050578
0.771344   204.692001
0.786344   197.049969
END PITCH
0.2632301313523827	NONE
Time_s   F0_Hz
0.795142   191.751342
0.810142   194.006335
0.825142   194.809399
0.840142   195.659316
0.855142   197.287516
0.870142   199.344512
0.885142   200.410328
0.900142   202.206312
0.915142   203.056186
0.930142   202.064272
0.945142   199.865314
0.960142   198.777025
0.975142   200.459429
0.990142   198.863227
1.005142   --undefined--
1.020142   --undefined--
1.035142   --undefined--
1.050142   --undefined--
END PITCH
0.1669954596751675	NONE
Time_s   F0_Hz
1.055255   238.248199
1.070255   237.453829
1.085255   241.811036
1.100255   249.281288
1.115255   258.635334
1.130255   264.825735
1.145255   265.594237
1.160255   262.145062
1.175255   --undefined--
1.190255   --undefined--
1.205255   --undefined--
1.220255   --undefined--
END PITCH
0.11275150770190723	NONE
Time_s   F0_Hz
1.225130   --undefined--
1.240130   197.777516
1.255130   192.564948
1.270130   188.745414
1.285130   --undefined--
1.300130   --undefined--
1.315130   --undefined--
1.330130   --undefined--
END PITCH
0.4106672439310812	NONE
Time_s   F0_Hz
1.336831   --undefined--
1.351831   --undefined--
1.366831   --undefined--
1.381831   --undefined--
1.396831   --undefined--
1.411831   --undefined--
1.426831   --undefined--
1.441831   --undefined--
1.456831   --undefined--
1.471831   --undefined--
1.486831   --undefined--
1.501831   --undefined--
1.516831   --undefined--
1.531831   --undefined--
1.546831   261.910957
1.561831   259.020993
1.576831   256.035395
1.591831   268.362753
1.606831   275.101961
1.621831   277.242130
1.636831   280.103048
1.651831   284.147367
1.666831   287.652736
1.681831   289.456588
1.696831   289.151191
1.711831   284.160165
1.726831   281.814747
1.741831   281.419026
END PITCH
0.2613327560689187	NONE
Time_s   F0_Hz
1.747840   --undefined--
1.762840   --undefined--
1.777840   --undefined--
1.792840   --undefined--
1.807840   322.962405
1.822840   314.002711
1.837840   305.180707
1.852840   302.069441
1.867840   300.871056
1.882840   301.017764
1.897840   301.484855
1.912840   302.183723
1.927840   301.768229
1.942840   301.546676
1.957840   301.882132
1.972840   301.147253
1.987840   297.326044
2.002840   289.832513
END PITCH
0.17596891375842683	NONE
Time_s   F0_Hz
2.011491   289.006062
2.026491   284.749674
2.041491   275.843963
2.056491   265.872256
2.071491   243.358643
2.086491   221.642945
2.101491   210.181396
2.116491   205.574915
2.131491   --undefined--
2.146491   --undefined--
2.161491   --undefined--
2.176491   --undefined--
END PITCH
0.10897161351684659	NONE
Time_s   F0_Hz
2.183963   --undefined--
2.198963   --undefined--
2.213963   --undefined--
2.228963   --undefined--
2.243963   208.330202
2.258963   207.145300
2.273963   205.208408
2.288963   201.444933
END PITCH
0.1118020450367645	NONE
Time_s   F0_Hz
2.294348   200.432739
2.309348   203.263406
2.324348   204.482467
2.339348   202.707964
2.354348   201.051955
2.369348   201.052779
2.384348   201.929659
2.399348   202.660544
END PITCH
0.1401063602359458	NONE
Time_s   F0_Hz
2.405300   202.380447
2.420300   200.804842
2.435300   199.798771
2.450300   198.667938
2.465300   195.239236
2.480300   188.844920
2.495300   181.736738
2.510300   180.881881
2.525300   181.612572
2.540300   177.121639
END PITCH
0.30002574111131786	NONE
Time_s   F0_Hz
2.542868   176.329678
2.557868   --undefined--
2.572868   --undefined--
2.587868   --undefined--
2.602868   --undefined--
2.617868   180.339519
2.632868   176.710675
2.647868   174.035104
2.662868   170.590931
2.677868   166.433849
2.692868   166.436794
2.707868   166.905981
2.722868   --undefined--
2.737868   --undefined--
2.752868   --undefined--
2.767868   --undefined--
2.782868   --undefined--
2.797868   --undefined--
2.812868   --undefined--
2.827868   --undefined--
2.842868   --undefined--
END PITCH
0.2867830606705235	NONE
Time_s   F0_Hz
2.843770   --undefined--
2.858770   237.082754
2.873770   235.635689
2.888770   234.923580
2.903770   234.695909
2.918770   236.610987
2.933770   239.519509
2.948770   236.995011
2.963770   --undefined--
2.978770   --undefined--
2.993770   --undefined--
3.008770   --undefined--
3.023770   --undefined--
3.038770   --undefined--
3.053770   --undefined--
3.068770   --undefined--
3.083770   --undefined--
3.098770   --undefined--
3.113770   --undefined--
3.128770   --undefined--
END PITCH
0.4457929643870995	NONE
Time_s   F0_Hz
3.135051   --undefined--
3.150051   --undefined--
3.165051   --undefined--
3.180051   302.977129
3.195051   296.458225
3.210051   297.848541
3.225051   306.577801
3.240051   318.787424
3.255051   346.015638
3.270051   --undefined--
3.285051   --undefined--
3.300051   266.542086
3.315051   284.791319
3.330051   290.791082
3.345051   296.503206
3.360051   298.461455
3.375051   294.193447
3.390051   278.952831
3.405051   280.310767
3.420051   --undefined--
3.435051   --undefined--
3.450051   --undefined--
3.465051   --undefined--
3.480051   --undefined--
3.495051   --undefined--
3.510051   --undefined--
3.525051   --undefined--
3.540051   --undefined--
3.555051   --undefined--
3.570051   --undefined--
END PITCH
0.30627592224976263	NONE
Time_s   F0_Hz
3.578583   --undefined--
3.593583   --undefined--
3.608583   --undefined--
3.623583   --undefined--
3.638583   --undefined--
3.653583   216.449425
3.668583   214.757181
3.683583   210.056736
3.698583   205.782997
3.713583   202.071842
3.728583   197.421813
3.743583   199.609686
3.758583   202.670551
3.773583   198.977199
3.788583   194.073820
3.803583   191.742747
3.818583   192.807430
3.833583   194.590518
3.848583   195.821698
3.863583   195.590493
3.878583   197.197429
END PITCH
0.23634103191316047	NONE
Time_s   F0_Hz
3.887398   196.636092
3.902398   192.761058
3.917398   188.865831
3.932398   186.127619
3.947398   186.360624
3.962398   186.325912
3.977398   188.315664
3.992398   189.262865
4.007398   185.456048
4.022398   183.497691
4.037398   189.667861
4.052398   192.298363
4.067398   191.846465
4.082398   192.804131
4.097398   198.414636
4.112398   203.292138
END PITCH
0.27287102236607463	NONE
Time_s   F0_Hz
4.498787   --undefined--
4.513787   --undefined--
4.528787   194.608713
4.543787   197.734055
4.558787   196.889958
4.573787   191.717690
4.588787   184.261154
4.603787   --undefined--
4.618787   --undefined--
4.633787   --undefined--
4.648787   --undefined--
4.663787   --undefined--
4.678787   --undefined--
4.693787   --undefined--
4.708787   --undefined--
4.723787   --undefined--
4.738787   --undefined--
4.753787   --undefined--
4.768787   --undefined--
END PITCH
0.3354061351102944	NONE
Time_s   F0_Hz
4.772925   --undefined--
4.787925   --undefined--
4.802925   --undefined--
4.817925   --undefined--
4.832925   --undefined--
4.847925   --undefined--
4.862925   --undefined--
4.877925   --undefined--
4.892925   --undefined--
4.907925   --undefined--
4.922925   --undefined--
4.937925   --undefined--
4.952925   --undefined--
4.967925   --undefined--
4.982925   --undefined--
4.997925   --undefined--
5.012925   --undefined--
5.027925   --undefined--
5.042925   --undefined--
5.057925   --undefined--
5.072925   --undefined--
5.087925   --undefined--
5.102925   --undefined--
END PITCH
0.43364534064607696	NONE
Time_s   F0_Hz
5.112449   --undefined--
5.127449   --undefined--
5.142449   --undefined--
5.157449   --undefined--
5.172449   --undefined--
5.187449   --undefined--
5.202449   --undefined--
5.217449   --undefined--
5.232449   --undefined--
5.247449   --undefined--
5.262449   --undefined--
5.277449   --undefined--
5.292449   --undefined--
5.307449   --undefined--
5.322449   --undefined--
5.337449   --undefined--
5.352449   268.125242
5.367449   262.165867
5.382449   257.442550
5.397449   252.843843
5.412449   251.492994
5.427449   253.315017
5.442449   255.386999
5.457449   256.940489
5.472449   260.415868
5.487449   264.251173
5.502449   266.390299
5.517449   266.796923
5.532449   265.961627
END PITCH
0.3254996247905799	NONE
Time_s   F0_Hz
5.544518   264.690617
5.559518   263.810458
5.574518   262.894398
5.589518   262.739023
5.604518   263.552623
5.619518   263.860589
5.634518   263.772986
5.649518   264.214140
5.664518   264.286865
5.679518   263.147657
5.694518   261.308805
5.709518   259.667172
5.724518   258.333993
5.739518   257.756837
5.754518   257.124520
5.769518   255.748258
5.784518   254.545276
5.799518   --undefined--
5.814518   --undefined--
5.829518   --undefined--
5.844518   --undefined--
5.859518   220.789608
END PITCH
0.10472596623696973	NONE
Time_s   F0_Hz
5.872132   208.543296
5.887132   200.855285
5.902132   193.658116
5.917132   190.440036
5.932132   192.448375
5.947132   192.786788
5.962132   201.114080
END PITCH
0.06850643430113212	NONE
Time_s   F0_Hz
5.973753   206.172375
5.988753   201.436307
6.003753   200.010355
6.018753   200.587757
6.033753   201.294328
END PITCH
0.42687362143869834	NONE
Time_s   F0_Hz
6.041440   202.069857
6.056440   --undefined--
6.071440   --undefined--
6.086440   212.253464
6.101440   213.795593
6.116440   214.875174
6.131440   216.879915
6.146440   216.719507
6.161440   216.660554
6.176440   218.916288
6.191440   223.336384
6.206440   227.127046
6.221440   230.261761
6.236440   232.183738
6.251440   228.393291
6.266440   223.915543
6.281440   --undefined--
6.296440   --undefined--
6.311440   --undefined--
6.326440   --undefined--
6.341440   --undefined--
6.356440   --undefined--
6.371440   --undefined--
6.386440   --undefined--
6.401440   --undefined--
6.416440   --undefined--
6.431440   --undefined--
6.446440   --undefined--
6.461440   --undefined--
END PITCH
0.33399091935033454	NONE
Time_s   F0_Hz
6.466871   --undefined--
6.481871   --undefined--
6.496871   --undefined--
6.511871   263.844245
6.526871   259.027581
6.541871   256.982357
6.556871   258.753775
6.571871   263.721902
6.586871   268.360837
6.601871   271.751196
6.616871   276.333355
6.631871   282.423735
6.646871   287.637358
6.661871   290.943157
6.676871   292.461569
6.691871   290.883937
6.706871   288.839827
6.721871   291.419779
6.736871   290.000725
6.751871   279.178881
6.766871   270.165912
6.781871   266.731988
6.796871   259.147982
END PITCH
0.07065524822202462	NONE
Time_s   F0_Hz
6.804195   230.503427
6.819195   210.019019
6.834195   203.257794
6.849195   197.959589
6.864195   202.959577
END PITCH
0.14293679175586327	NONE
Time_s   F0_Hz
6.873486   206.945073
6.888486   205.485923
6.903486   202.952638
6.918486   201.337657
6.933486   192.460489
6.948486   183.002724
6.963486   180.068467
6.978486   176.877844
6.993486   172.617160
7.008486   169.771571
END PITCH
0.2929496623115222	NONE
Time_s   F0_Hz
7.016434   169.364130
7.031434   172.390674
7.046434   173.406264
7.061434   --undefined--
7.076434   --undefined--
7.091434   198.818146
7.106434   194.304325
7.121434   190.247694
7.136434   187.413019
7.151434   186.444621
7.166434   189.391909
7.181434   --undefined--
7.196434   --undefined--
7.211434   --undefined--
7.226434   --undefined--
7.241434   --undefined--
7.256434   --undefined--
7.271434   --undefined--
7.286434   --undefined--
7.301434   --undefined--
END PITCH
0.12664906051089364	NONE
Time_s   F0_Hz
7.308741   --undefined--
7.323741   --undefined--
7.338741   100.394006
7.353741   101.448256
7.368741   201.972311
7.383741   199.072957
7.398741   195.701756
7.413741   193.876968
7.428741   191.819444
END PITCH
0.14152157599590431	NONE
Time_s   F0_Hz
7.435323   191.165410
7.450323   191.005267
7.465323   192.087333
7.480323   194.817031
7.495323   196.391540
7.510323   198.378754
7.525323   195.288930
7.540323   197.720572
7.555323   199.606144
7.570323   199.969851
END PITCH
0.12098819747105782	NONE
Time_s   F0_Hz
7.574070   200.265882
7.589070   200.931159
7.604070   199.575941
7.619070   197.580535
7.634070   194.517825
7.649070   191.669288
7.664070   189.896198
7.679070   190.313667
7.694070   187.174578
END PITCH
0.1599193808753725	NONE
Time_s   F0_Hz
7.699524   186.258894
7.714524   185.408632
7.729524   185.600374
7.744524   184.536257
7.759524   181.159305
7.774524   179.727853
7.789524   180.778344
7.804524   183.373846
7.819524   187.293476
7.834524   --undefined--
7.849524   --undefined--
END PITCH
0.15001287055565804	NONE
Time_s   F0_Hz
7.854490   --undefined--
7.869490   --undefined--
7.884490   --undefined--
7.899490   --undefined--
7.914490   --undefined--
7.929490   196.651791
7.944490   187.458931
7.959490   184.456677
7.974490   179.694805
7.989490   172.521786
8.004490   --undefined--
END PITCH
0.6369561714898992	NONE
Time_s   F0_Hz
8.007971   --undefined--
8.022971   --undefined--
8.037971   --undefined--
8.052971   --undefined--
8.067971   --undefined--
8.082971   --undefined--
8.097971   --undefined--
8.112971   --undefined--
8.127971   --undefined--
8.142971   --undefined--
8.157971   --undefined--
8.172971   --undefined--
8.187971   --undefined--
8.202971   --undefined--
8.217971   --undefined--
8.232971   --undefined--
8.247971   --undefined--
8.262971   --undefined--
8.277971   --undefined--
8.292971   --undefined--
8.307971   --undefined--
8.322971   --undefined--
8.337971   269.429469
8.352971   272.135890
8.367971   274.593917
8.382971   276.777338
8.397971   278.439005
8.412971   278.821712
8.427971   278.490098
8.442971   277.635555
8.457971   277.161071
8.472971   276.051335
8.487971   274.921430
8.502971   274.255141
8.517971   274.147283
8.532971   274.302322
8.547971   274.449492
8.562971   274.474593
8.577971   273.050216
8.592971   271.542244
8.607971   273.614024
8.622971   272.587021
8.637971   272.997955
END PITCH
0.19265846262780784	NONE
Time_s   F0_Hz
9.351145   --undefined--
9.366145   --undefined--
9.381145   --undefined--
9.396145   --undefined--
9.411145   --undefined--
9.426145   --undefined--
9.441145   239.645079
9.456145   241.620226
9.471145   230.953036
9.486145   222.313925
9.501145   216.427808
9.516145   210.051235
9.531145   206.302011
END PITCH
0.19652580469531955	NONE
Time_s   F0_Hz
9.538248   205.613450
9.553248   208.572656
9.568248   206.308476
9.583248   204.428007
9.598248   208.440167
9.613248   --undefined--
9.628248   --undefined--
9.643248   --undefined--
9.658248   --undefined--
9.673248   191.046399
9.688248   181.543157
9.703248   175.373723
9.718248   170.915330
9.733248   179.498931
END PITCH
0.07378040545685849	NONE
Time_s   F0_Hz
9.740896   182.217885
9.755896   184.858258
9.770896   188.370668
9.785896   195.991167
9.800896   201.284706
END PITCH
0.08632816135750154	NONE
Time_s   F0_Hz
9.813441   207.063477
9.828441   214.733646
9.843441   220.928910
9.858441   225.915796
9.873441   --undefined--
9.888441   --undefined--
END PITCH
0.10897161351684659	NONE
Time_s   F0_Hz
9.896094   --undefined--
9.911094   --undefined--
9.926094   --undefined--
9.941094   253.775222
9.956094   252.198307
9.971094   252.046695
9.986094   252.480523
10.001094   252.930235
END PITCH
0.08491294559754259	NONE
Time_s   F0_Hz
10.008044   253.302982
10.023044   255.003370
10.038044   257.957253
10.053044   260.667044
10.068044   262.361891
10.083044   263.190408
END PITCH
0.12453898687639509	NONE
Time_s   F0_Hz
10.090272   263.350251
10.105272   263.302268
10.120272   263.003616
10.135272   263.511196
10.150272   264.705643
10.165272   265.851122
10.180272   265.953253
10.195272   265.628072
10.210272   265.091497
END PITCH
0.09764988743717495	NONE
Time_s   F0_Hz
10.216361   265.691747
10.231361   265.436538
10.246361   265.964296
10.261361   265.620700
10.276361   264.635001
10.291361   265.820669
10.306361   266.198936
END PITCH
0.09906510319713213	NONE
Time_s   F0_Hz
10.314717   265.000666
10.329717   262.959862
10.344717   270.979639
10.359717   273.018820
10.374717   267.677544
10.389717   264.511379
10.404717   261.420473
END PITCH
0.15142808631561877	NONE
Time_s   F0_Hz
10.409966   261.249280
10.424966   263.320722
10.439966   264.476098
10.454966   264.761012
10.469966   264.810268
10.484966   264.345568
10.499966   262.601465
10.514966   263.675664
10.529966   262.854369
10.544966   261.210306
10.559966   265.239291
END PITCH
0.07217600375791022	NONE
Time_s   F0_Hz
10.566769   267.823585
10.581769   263.521108
10.596769   259.446555
10.611769   268.455265
10.626769   283.807833
END PITCH
0.1358607129560685	NONE
Time_s   F0_Hz
10.633282   281.614555
10.648282   276.862605
10.663282   275.090376
10.678282   275.791458
10.693282   277.478893
10.708282   280.238618
10.723282   283.284250
10.738282   284.801802
10.753282   281.091779
10.768282   275.034842
END PITCH
0.37922682364726157	NONE
Time_s   F0_Hz
10.770822   274.917002
10.785822   --undefined--
10.800822   --undefined--
10.815822   --undefined--
10.830822   276.947086
10.845822   265.424909
10.860822   252.468613
10.875822   238.655374
10.890822   233.634397
10.905822   230.045062
10.920822   229.657320
10.935822   229.469159
10.950822   229.575059
10.965822   228.622625
10.980822   225.033959
10.995822   219.165520
11.010822   217.686430
11.025822   212.301559
11.040822   --undefined--
11.055822   --undefined--
11.070822   --undefined--
11.085822   --undefined--
11.100822   --undefined--
11.115822   --undefined--
11.130822   --undefined--
11.145822   --undefined--
END PITCH
0.38776911822877835	NONE
Time_s   F0_Hz
11.154325   234.087763
11.169325   224.531480
11.184325   221.604225
11.199325   220.177214
11.214325   219.835041
11.229325   220.642304
11.244325   222.060294
11.259325   223.821115
11.274325   224.835608
11.289325   223.515284
11.304325   222.406707
11.319325   222.065284
11.334325   222.337986
11.349325   221.940418
11.364325   220.462035
11.379325   219.215117
11.394325   218.010607
11.409325   215.654864
11.424325   219.056078
11.439325   220.564066
11.454325   220.200030
11.469325   221.276116
11.484325   221.833726
11.499325   220.593536
11.514325   219.043376
11.529325   221.123352
END PITCH
0.16416502815524936	NONE
Time_s   F0_Hz
12.143571   --undefined--
12.158571   --undefined--
12.173571   200.849937
12.188571   192.555479
12.203571   --undefined--
12.218571   --undefined--
12.233571   --undefined--
12.248571   --undefined--
12.263571   --undefined--
12.278571   --undefined--
12.293571   --undefined--
END PITCH
0.17690196999487995	NONE
Time_s   F0_Hz
12.306604   209.326958
12.321604   203.492674
12.336604   200.697438
12.351604   201.528504
12.366604   205.544743
12.381604   210.235449
12.396604   213.141771
12.411604   214.478840
12.426604   219.684748
12.441604   226.924040
12.456604   227.344268
12.471604   225.398197
END PITCH
0.3113474671909895	NONE
Time_s   F0_Hz
12.483220   221.861192
12.498220   --undefined--
12.513220   --undefined--
12.528220   --undefined--
12.543220   --undefined--
12.558220   --undefined--
12.573220   --undefined--
12.588220   --undefined--
12.603220   235.080547
12.618220   236.872646
12.633220   238.620290
12.648220   238.155669
12.663220   245.710376
12.678220   252.904120
12.693220   --undefined--
12.708220   77.377199
12.723220   76.820717
12.738220   75.636943
12.753220   --undefined--
12.768220   --undefined--
12.783220   302.781494
END PITCH
0.24907797375279195	NONE
Time_s   F0_Hz
12.793435   327.808506
12.808435   --undefined--
12.823435   --undefined--
12.838435   --undefined--
12.853435   --undefined--
12.868435   --undefined--
12.883435   --undefined--
12.898435   238.219403
12.913435   230.511829
12.928435   231.443811
12.943435   230.079637
12.958435   225.245880
12.973435   219.999745
12.988435   215.784436
13.003435   215.075415
13.018435   --undefined--
13.033435   --undefined--
END PITCH
0.1840243327205382	NONE
Time_s   F0_Hz
13.039989   --undefined--
13.054989   --undefined--
13.069989   --undefined--
13.084989   --undefined--
13.099989   --undefined--
13.114989   --undefined--
13.129989   256.154696
13.144989   236.624329
13.159989   229.476055
13.174989   226.113562
13.189989   222.131328
13.204989   223.672114
13.219989   229.315416
END PITCH
0.2136512958279546	NONE
Time_s   F0_Hz
13.223821   --undefined--
13.238821   --undefined--
13.253821   --undefined--
13.268821   --undefined--
13.283821   --undefined--
13.298821   --undefined--
13.313821   --undefined--
13.328821   227.002120
13.343821   225.491475
13.358821   224.112390
13.373821   --undefined--
13.388821   --undefined--
13.403821   213.047336
13.418821   209.711047
13.433821   210.581130
END PITCH
0.3623487041720459	NONE
Time_s   F0_Hz
13.436825   211.214823
13.451825   214.337252
13.466825   212.147581
13.481825   --undefined--
13.496825   --undefined--
13.511825   --undefined--
13.526825   --undefined--
13.541825   216.916646
13.556825   213.585590
13.571825   211.431273
13.586825   209.982068
13.601825   208.257341
13.616825   206.490752
13.631825   205.553299
13.646825   205.124264
13.661825   205.942984
13.676825   207.297386
13.691825   208.894818
13.706825   210.155988
13.721825   209.931048
13.736825   211.280094
13.751825   --undefined--
13.766825   --undefined--
13.781825   --undefined--
13.796825   --undefined--
END PITCH
0.09973553119242062	NONE
Time_s   F0_Hz
13.802868   206.422190
13.817868   197.998602
13.832868   196.198751
13.847868   196.658318
13.862868   197.896163
13.877868   197.366174
13.892868   199.144220
END PITCH
0.1627498123952904	NONE
Time_s   F0_Hz
13.904116   --undefined--
13.919116   --undefined--
13.934116   --undefined--
13.949116   --undefined--
13.964116   --undefined--
13.979116   --undefined--
13.994116   205.795685
14.009116   200.306780
14.024116   196.643711
14.039116   195.423676
14.054116   198.122877
END PITCH
0.17690196999487995	NONE
Time_s   F0_Hz
14.066446   200.795108
14.081446   196.431795
14.096446   --undefined--
14.111446   --undefined--
14.126446   --undefined--
14.141446   --undefined--
14.156446   --undefined--
14.171446   --undefined--
14.186446   198.438782
14.201446   194.971959
14.216446   192.604019
14.231446   189.933143
END PITCH
0.14576722327578295	NONE
Time_s   F0_Hz
14.242772   189.517086
14.257772   194.502218
14.272772   196.394101
14.287772   197.783405
14.302772   202.535947
14.317772   209.933331
14.332772   224.479840
14.347772   237.595275
14.362772   248.263586
14.377772   253.759151
END PITCH
0.27738228895197103	NONE
Time_s   F0_Hz
14.386848   258.863476
14.401848   265.739062
14.416848   270.780486
14.431848   270.270894
14.446848   266.057736
14.461848   261.882748
14.476848   257.407781
14.491848   253.640793
14.506848   255.938703
14.521848   261.789927
14.536848   270.435785
14.551848   279.031329
14.566848   292.704384
14.581848   310.872183
14.596848   322.351772
14.611848   341.504712
14.626848   362.784159
14.641848   377.432701
14.656848   372.138803
END PITCH
0.8767679530433572	NONE
Time_s   F0_Hz
15.299569   261.687478
15.314569   240.184469
15.329569   228.983564
15.344569   225.054957
15.359569   221.663983
15.374569   218.920265
15.389569   217.071978
15.404569   215.437048
15.419569   213.691515
15.434569   212.679605
15.449569   212.293443
15.464569   212.050889
15.479569   211.682206
15.494569   211.707178
15.509569   212.128386
15.524569   212.222226
15.539569   212.489558
15.554569   212.509325
15.569569   211.578458
15.584569   210.049713
15.599569   208.496441
15.614569   208.886400
15.629569   208.656668
15.644569   207.857024
15.659569   207.085260
15.674569   206.715188
15.689569   206.688200
15.704569   206.795542
15.719569   206.080699
15.734569   205.601813
15.749569   205.417950
15.764569   204.367152
15.779569   201.238600
15.794569   199.123288
15.809569   200.137324
15.824569   202.640589
15.839569   200.177480
15.854569   --undefined--
15.869569   --undefined--
15.884569   --undefined--
15.899569   --undefined--
15.914569   --undefined--
15.929569   --undefined--
15.944569   --undefined--
15.959569   --undefined--
15.974569   --undefined--
15.989569   --undefined--
16.004569   --undefined--
16.019569   --undefined--
16.034569   --undefined--
16.049569   --undefined--
16.064569   --undefined--
16.079569   --undefined--
16.094569   --undefined--
16.109569   --undefined--
16.124569   --undefined--
16.139569   --undefined--
16.154569   --undefined--
16.169569   --undefined--
END PITCH
0.10472596623696973	NONE
Time_s   F0_Hz
17.312574   --undefined--
17.327574   --undefined--
17.342574   --undefined--
17.357574   --undefined--
17.372574   224.927042
17.387574   220.556835
17.402574   216.640249
END PITCH
0.10897161351684659	NONE
Time_s   F0_Hz
17.411922   215.808121
17.426922   216.443445
17.441922   220.148490
17.456922   223.299759
17.471922   224.124509
17.486922   223.764443
17.501922   224.943384
17.516922   229.896064
END PITCH
0.12170855535647718	NONE
Time_s   F0_Hz
17.519762   231.151297
17.534762   235.314609
17.549762   228.943087
17.564762   218.768577
17.579762   207.791358
17.594762   --undefined--
17.609762   --undefined--
17.624762   --undefined--
17.639762   --undefined--
END PITCH
0.22138640306545554	NONE
Time_s   F0_Hz
17.646304   --undefined--
17.661304   --undefined--
17.676304   --undefined--
17.691304   --undefined--
17.706304   --undefined--
17.721304   --undefined--
17.736304   --undefined--
17.751304   --undefined--
17.766304   240.219919
17.781304   231.313166
17.796304   228.277066
17.811304   225.653368
17.826304   226.352613
17.841304   228.458036
17.856304   --undefined--
END PITCH
0.0970371429253305	NONE
Time_s   F0_Hz
17.865522   --undefined--
17.880522   --undefined--
17.895522   233.511117
17.910522   227.733360
17.925522   230.154502
17.940522   231.987293
17.955522   231.497173
END PITCH
0.13869114447598818	NONE
Time_s   F0_Hz
17.960890   230.934546
17.975890   226.959362
17.990890   228.199384
18.005890   249.461801
18.020890   246.121504
18.035890   238.582474
18.050890   236.614581
18.065890   233.276341
18.080890   226.434898
18.095890   221.112463
END PITCH
0.20523532493734464	NONE
Time_s   F0_Hz
18.102851   220.545981
18.117851   225.273343
18.132851   --undefined--
18.147851   --undefined--
18.162851   229.124207
18.177851   225.439824
18.192851   218.981147
18.207851   211.976699
18.222851   209.993772
18.237851   210.669222
18.252851   210.936116
18.267851   211.018965
18.282851   209.308775
18.297851   208.453865
END PITCH
0.14856861505241525	NONE
Time_s   F0_Hz
18.309756   213.317872
18.324756   210.306733
18.339756   207.139920
18.354756   248.242259
18.369756   242.396214
18.384756   232.529924
18.399756   224.884976
18.414756   --undefined--
18.429756   --undefined--
18.444756   --undefined--
END PITCH
0.13447453693939337	NONE
Time_s   F0_Hz
18.458776   233.171927
18.473776   225.471690
18.488776   222.543866
18.503776   221.233588
18.518776   221.265106
18.533776   226.627476
18.548776   228.229660
18.563776   228.524785
18.578776   230.062232
END PITCH
0.07359121951787273	NONE
Time_s   F0_Hz
18.592800   231.115429
18.607800   230.377078
18.622800   228.990675
18.637800   227.499815
18.652800   226.805884
END PITCH
0.1784020161516544	NONE
Time_s   F0_Hz
18.666298   228.128395
18.681298   230.344488
18.696298   233.006164
18.711298   236.203507
18.726298   239.666713
18.741298   242.564572
18.756298   247.528596
18.771298   254.257846
18.786298   259.803261
18.801298   261.433795
18.816298   260.280704
18.831298   254.515527
END PITCH
0.4471233497502425	NONE
Time_s   F0_Hz
18.844065   249.278884
18.859065   252.661376
18.874065   244.770900
18.889065   228.214903
18.904065   221.939317
18.919065   219.400717
18.934065   217.387699
18.949065   214.776737
18.964065   213.470220
18.979065   212.351742
18.994065   211.006777
19.009065   210.603069
19.024065   210.162683
19.039065   209.848668
19.054065   207.751420
19.069065   204.198676
19.084065   202.512586
19.099065   202.674235
19.114065   202.784282
19.129065   204.237967
19.144065   208.437527
19.159065   217.752863
19.174065   228.575833
19.189065   234.877025
19.204065   239.764093
19.219065   236.658302
19.234065   229.985035
19.249065   220.624702
19.264065   217.530668
19.279065   218.212870
END PITCH
0.16435414742862164	NONE
Time_s   F0_Hz
19.484773   245.349699
19.499773   234.135142
19.514773   220.714064
19.529773   214.487328
19.544773   212.489149
19.559773   211.989199
19.574773   213.492348
19.589773   215.372405
19.604773   210.894311
19.619773   207.659526
19.634773   207.523087
END PITCH
0.059439061918279634	NONE
Time_s   F0_Hz
19.649167   208.678462
19.664167   206.173388
19.679167   203.271707
19.694167   200.576044
END PITCH
0.21228236399385736	NONE
Time_s   F0_Hz
19.702528   101.599395
19.717528   101.544594
19.732528   100.017500
19.747528   --undefined--
19.762528   --undefined--
19.777528   215.887568
19.792528   212.393138
19.807528   212.662709
19.822528   213.521008
19.837528   213.089134
19.852528   213.926871
19.867528   --undefined--
19.882528   --undefined--
19.897528   --undefined--
19.912528   --undefined--
END PITCH
0.10048031895708931	NONE
Time_s   F0_Hz
19.918912   --undefined--
19.933912   --undefined--
19.948912   252.720168
19.963912   233.762451
19.978912   231.874218
19.993912   228.996464
20.008912   225.395237
END PITCH
0.4613603377466511	NONE
Time_s   F0_Hz
20.019830   224.421480
20.034830   --undefined--
20.049830   --undefined--
20.064830   --undefined--
20.079830   --undefined--
20.094830   --undefined--
20.109830   --undefined--
20.124830   238.487767
20.139830   228.438865
20.154830   224.943451
20.169830   224.660215
20.184830   228.275954
20.199830   233.987093
20.214830   239.119373
20.229830   --undefined--
20.244830   --undefined--
20.259830   --undefined--
20.274830   --undefined--
20.289830   --undefined--
20.304830   --undefined--
20.319830   --undefined--
20.334830   --undefined--
20.349830   --undefined--
20.364830   --undefined--
20.379830   --undefined--
20.394830   --undefined--
20.409830   --undefined--
20.424830   --undefined--
20.439830   --undefined--
20.454830   --undefined--
20.469830   --undefined--
END PITCH
0.08550226369614577	NONE
Time_s   F0_Hz
20.976389   244.483921
20.991389   224.871848
21.006389   211.969091
21.021389   204.390155
21.036389   197.024314
21.051389   193.046373
END PITCH
0.12170855535647718	NONE
Time_s   F0_Hz
21.057494   192.870752
21.072494   193.095910
21.087494   193.820048
21.102494   193.623596
21.117494   190.900116
21.132494   186.752067
21.147494   182.522242
21.162494   179.360689
21.177494   --undefined--
END PITCH
0.2377562476731221	NONE
Time_s   F0_Hz
21.184722   --undefined--
21.199722   --undefined--
21.214722   201.041536
21.229722   196.342946
21.244722   183.970516
21.259722   173.522656
21.274722   --undefined--
21.289722   --undefined--
21.304722   --undefined--
21.319722   --undefined--
21.334722   --undefined--
21.349722   --undefined--
21.364722   --undefined--
21.379722   --undefined--
21.394722   --undefined--
21.409722   --undefined--
END PITCH
0.37503217638914776	NONE
Time_s   F0_Hz
21.416117   --undefined--
21.431117   --undefined--
21.446117   --undefined--
21.461117   --undefined--
21.476117   --undefined--
21.491117   --undefined--
21.506117   288.079916
21.521117   279.799182
21.536117   279.218358
21.551117   288.627061
21.566117   309.991919
21.581117   332.630896
21.596117   385.850420
21.611117   433.008228
21.626117   460.307125
21.641117   467.101501
21.656117   459.533338
21.671117   451.141128
21.686117   458.245211
21.701117   --undefined--
21.716117   --undefined--
21.731117   --undefined--
21.746117   --undefined--
21.761117   --undefined--
21.776117   --undefined--
21.791117   275.223654
END PITCH
0.0636847091981565	NONE
Time_s   F0_Hz
21.792971   273.562780
21.807971   259.470827
21.822971   233.827950
21.837971   218.839134
21.852971   219.520332
END PITCH
0.09057380863737663	NONE
Time_s   F0_Hz
21.855102   219.758326
21.870102   215.247552
21.885102   211.447594
21.900102   209.808391
21.915102   208.404256
21.930102   209.671694
21.945102   211.548631
END PITCH
0.2754613345908581	NONE
Time_s   F0_Hz
21.948129   212.208806
21.963129   214.688028
21.978129   210.451737
21.993129   208.655310
22.008129   --undefined--
22.023129   --undefined--
22.038129   --undefined--
22.053129   214.968400
22.068129   205.605453
22.083129   198.902414
22.098129   --undefined--
22.113129   --undefined--
22.128129   --undefined--
22.143129   --undefined--
22.158129   --undefined--
22.173129   --undefined--
22.188129   --undefined--
22.203129   --undefined--
22.218129   --undefined--
END PITCH
0.14576722327578295	NONE
Time_s   F0_Hz
22.226241   206.217056
22.241241   200.551748
22.256241   196.825464
22.271241   195.060390
22.286241   197.381208
22.301241   196.191313
22.316241   --undefined--
22.331241   --undefined--
22.346241   --undefined--
22.361241   --undefined--
END PITCH
0.09906510319713036	NONE
Time_s   F0_Hz
22.371156   204.380194
22.386156   194.729152
22.401156   190.091733
22.416156   189.639824
22.431156   192.037148
22.446156   195.069149
22.461156   196.094402
END PITCH
0.2763194798016535	NONE
Time_s   F0_Hz
22.468844   --undefined--
22.483844   --undefined--
22.498844   --undefined--
22.513844   --undefined--
22.528844   --undefined--
22.543844   --undefined--
22.558844   --undefined--
22.573844   --undefined--
22.588844   290.505712
22.603844   286.173940
22.618844   293.851147
22.633844   296.213076
22.648844   289.604728
22.663844   286.549012
22.678844   --undefined--
22.693844   --undefined--
22.708844   --undefined--
22.723844   --undefined--
22.738844   --undefined--
END PITCH
0.1114496384271284	NONE
Time_s   F0_Hz
22.745221   --undefined--
22.760221   --undefined--
22.775221   334.534282
22.790221   321.596543
22.805221   313.745235
22.820221   311.715715
22.835221   305.811669
22.850221   295.128096
END PITCH
0.18822369607455158	NONE
Time_s   F0_Hz
22.857562   289.801419
22.872562   299.597205
22.887562   302.768786
22.902562   --undefined--
22.917562   --undefined--
22.932562   --undefined--
22.947562   319.628291
22.962562   310.817994
22.977562   303.403249
22.992562   296.818577
23.007562   293.827790
23.022562   294.460271
23.037562   294.216860
END PITCH
0.10755639775688763	NONE
Time_s   F0_Hz
23.042954   293.894605
23.057954   293.978916
23.072954   294.141705
23.087954   293.593650
23.102954   292.686880
23.117954   292.424138
23.132954   292.402956
23.147954   292.796764
END PITCH
0.08877026774143104	NONE
Time_s   F0_Hz
23.156117   293.062167
23.171117   293.798544
23.186117   293.747421
23.201117   292.035047
23.216117   288.618700
23.231117   282.371719
END PITCH
0.16000000000000014	NONE
Time_s   F0_Hz
23.243005   289.811283
23.258005   300.187468
23.273005   293.175720
23.288005   289.850156
23.303005   290.518146
23.318005   290.283446
23.333005   287.177754
23.348005   280.541139
23.363005   277.603720
23.378005   280.868913
23.393005   --undefined--
END PITCH
0.43200000000000216	NONE
Time_s   F0_Hz
23.404002   --undefined--
23.419002   304.319120
23.434002   297.376970
23.449002   294.929378
23.464002   293.967122
23.479002   291.817855
23.494002   289.633302
23.509002   287.600441
23.524002   287.108669
23.539002   287.051609
23.554002   287.489888
23.569002   289.088838
23.584002   291.484292
23.599002   294.194041
23.614002   295.789531
23.629002   294.910446
23.644002   286.280301
23.659002   290.683887
23.674002   --undefined--
23.689002   --undefined--
23.704002   --undefined--
23.719002   --undefined--
23.734002   --undefined--
23.749002   --undefined--
23.764002   --undefined--
23.779002   --undefined--
23.794002   --undefined--
23.809002   --undefined--
23.824002   --undefined--
END PITCH
0.06400000000000006	NONE
Time_s   F0_Hz
24.360000   --undefined--
24.375000   218.754996
24.390000   208.836880
24.405000   205.042377
24.420000   201.339031
END PITCH
0.18605510120272228	NONE
Time_s   F0_Hz
24.425023   203.463221
24.440023   203.006163
24.455023   198.793707
24.470023   195.737159
24.485023   195.935810
24.500023   194.606715
24.515023   191.803055
24.530023   187.605672
24.545023   182.669421
24.560023   184.658510
24.575023   187.799918
24.590023   189.550684
24.605023   190.049917
END PITCH
0.06793035647803691	NONE
Time_s   F0_Hz
24.612018   189.888948
24.627018   186.899511
24.642018   182.444774
24.657018   178.719613
24.672018   179.039465
END PITCH
0.1811476172747568	NONE
Time_s   F0_Hz
24.676565   183.529475
24.691565   202.740666
24.706565   195.522778
24.721565   183.889871
24.736565   174.916326
24.751565   171.877898
24.766565   --undefined--
24.781565   --undefined--
24.796565   --undefined--
24.811565   --undefined--
24.826565   --undefined--
24.841565   --undefined--
24.856565   --undefined--
END PITCH
0.175486754234921	NONE
Time_s   F0_Hz
24.862387   --undefined--
24.877387   --undefined--
24.892387   --undefined--
24.907387   212.212944
24.922387   215.663552
24.937387   221.291502
24.952387   225.696304
24.967387   230.146675
24.982387   236.861506
24.997387   247.563468
25.012387   246.498929
25.027387   251.579964
END PITCH
0.43588645406738635	NONE
Time_s   F0_Hz
25.033067   255.349587
25.048067   255.664141
25.063067   250.401795
25.078067   249.931658
25.093067   251.032316
25.108067   252.475173
25.123067   249.108748
25.138067   249.731751
25.153067   249.450907
25.168067   244.502040
25.183067   244.601493
25.198067   245.085186
25.213067   241.738490
25.228067   241.542029
25.243067   239.719763
25.258067   238.200200
25.273067   237.384358
25.288067   237.068629
25.303067   237.965366
25.318067   237.803735
25.333067   235.729025
25.348067   232.002798
25.363067   233.839703
25.378067   --undefined--
25.393067   --undefined--
25.408067   --undefined--
25.423067   --undefined--
25.438067   --undefined--
25.453067   --undefined--
25.468067   --undefined--
END PITCH
0.11041586902007694	NONE
Time_s   F0_Hz
25.471219   97.494943
25.486219   96.403907
25.501219   94.764301
25.516219   93.209061
25.531219   91.531002
25.546219   90.707272
25.561219   --undefined--
25.576219   --undefined--
END PITCH
0.14576722327578295	NONE
Time_s   F0_Hz
25.584314   --undefined--
25.599314   205.550054
25.614314   198.613266
25.629314   196.234596
25.644314   195.413444
25.659314   194.962988
25.674314   194.251760
25.689314   199.306946
25.704314   211.021935
25.719314   214.730877
END PITCH
0.1783171857548389	NONE
Time_s   F0_Hz
25.731355   212.981119
25.746355   207.263883
25.761355   205.554302
25.776355   205.357630
25.791355   200.107931
25.806355   198.493506
25.821355   196.674460
25.836355   192.287395
25.851355   183.682198
25.866355   177.983277
25.881355   179.387831
25.896355   186.235169
END PITCH
0.03899343869147742	NONE
Time_s   F0_Hz
25.907506   181.461521
25.922506   178.007358
25.937506   --undefined--
END PITCH
0.7248774126153492	NONE
Time_s   F0_Hz
25.944433   --undefined--
25.959433   --undefined--
25.974433   --undefined--
25.989433   --undefined--
26.004433   --undefined--
26.019433   --undefined--
26.034433   --undefined--
26.049433   --undefined--
26.064433   --undefined--
26.079433   --undefined--
26.094433   --undefined--
26.109433   296.194710
26.124433   287.830649
26.139433   285.073035
26.154433   287.825959
26.169433   288.343691
26.184433   288.619213
26.199433   288.894581
26.214433   290.962009
26.229433   294.305062
26.244433   292.762033
26.259433   286.783937
26.274433   278.665922
26.289433   276.083087
26.304433   --undefined--
26.319433   --undefined--
26.334433   --undefined--
26.349433   --undefined--
26.364433   --undefined--
26.379433   --undefined--
26.394433   --undefined--
26.409433   --undefined--
26.424433   --undefined--
26.439433   --undefined--
26.454433   --undefined--
26.469433   --undefined--
26.484433   --undefined--
26.499433   --undefined--
26.514433   --undefined--
26.529433   --undefined--
26.544433   --undefined--
26.559433   --undefined--
26.574433   --undefined--
26.589433   --undefined--
26.604433   --undefined--
26.619433   --undefined--
26.634433   --undefined--
26.649433   --undefined--
26.664433   --undefined--
END PITCH
1.0727335460489584	NONE
Time_s   F0_Hz
26.802364   --undefined--
26.817364   --undefined--
26.832364   53.575870
26.847364   52.992398
26.862364   67.829520
26.877364   67.220849
26.892364   66.727837
26.907364   66.457335
26.922364   66.403996
26.937364   66.319876
26.952364   66.454085
26.967364   95.834355
26.982364   96.096114
26.997364   96.446042
27.012364   96.405802
27.027364   96.256734
27.042364   95.704255
27.057364   188.793747
27.072364   189.402905
27.087364   189.597315
27.102364   190.156517
27.117364   191.708737
27.132364   192.478107
27.147364   194.043569
27.162364   194.844583
27.177364   195.212098
27.192364   195.279184
27.207364   193.960483
27.222364   193.042656
27.237364   193.477652
27.252364   192.606480
27.267364   192.668125
27.282364   191.935433
27.297364   192.695085
27.312364   193.848376
27.327364   195.736558
27.342364   196.798093
27.357364   196.908110
27.372364   196.089447
27.387364   196.656336
27.402364   197.418653
27.417364   196.133442
27.432364   194.798632
27.447364   193.532170
27.462364   193.568212
27.477364   194.339138
27.492364   195.161844
27.507364   195.282626
27.522364   195.924634
27.537364   197.468529
27.552364   199.256653
27.567364   198.745199
27.582364   197.056406
27.597364   196.455001
27.612364   200.621710
27.627364   --undefined--
27.642364   --undefined--
27.657364   --undefined--
27.672364   --undefined--
27.687364   --undefined--
27.702364   --undefined--
27.717364   --undefined--
27.732364   --undefined--
27.747364   --undefined--
27.762364   --undefined--
27.777364   --undefined--
27.792364   --undefined--
27.807364   --undefined--
27.822364   --undefined--
27.837364   --undefined--
27.852364   --undefined--
27.867364   --undefined--
END PITCH
0.21155041390592189	NONE
Time_s   F0_Hz
28.902778   251.070219
28.917778   238.592031
28.932778   221.206572
28.947778   219.688847
28.962778   221.092178
28.977778   220.057642
28.992778   220.404920
29.007778   220.536976
29.022778   220.216222
29.037778   220.391245
29.052778   221.416672
29.067778   222.753642
29.082778   224.455938
29.097778   225.909612
29.112778   225.846697
END PITCH
0.175486754234921	NONE
Time_s   F0_Hz
29.118804   225.538760
29.133804   225.947817
29.148804   228.767266
29.163804   231.215889
29.178804   230.415768
29.193804   229.128311
29.208804   229.506029
29.223804   231.850195
29.238804   234.578011
29.253804   233.068253
29.268804   225.438025
29.283804   226.974782
END PITCH
0.2915344465515659	NONE
Time_s   F0_Hz
29.292307   --undefined--
29.307307   --undefined--
29.322307   --undefined--
29.337307   --undefined--
29.352307   --undefined--
29.367307   --undefined--
29.382307   269.987231
29.397307   256.225587
29.412307   241.589238
29.427307   241.957859
29.442307   245.975497
29.457307   252.618886
29.472307   261.155574
29.487307   273.044254
29.502307   285.503066
29.517307   312.107432
29.532307   342.776288
29.547307   384.681711
29.562307   403.430775
29.577307   400.133958
END PITCH
0.144352007515824	NONE
Time_s   F0_Hz
29.585244   392.802888
29.600244   390.969435
29.615244   399.750836
29.630244   --undefined--
29.645244   --undefined--
29.660244   --undefined--
29.675244   275.590888
29.690244   268.102252
29.705244   256.488368
29.720244   244.455889
END PITCH
0.3113474671909877	NONE
Time_s   F0_Hz
29.730601   238.601018
29.745601   248.542247
29.760601   --undefined--
29.775601   245.891814
29.790601   235.115923
29.805601   227.778428
29.820601   225.539190
29.835601   225.678321
29.850601   224.248718
29.865601   219.386683
29.880601   220.199150
29.895601   --undefined--
29.910601   --undefined--
29.925601   --undefined--
29.940601   --undefined--
29.955601   --undefined--
29.970601   --undefined--
29.985601   --undefined--
30.000601   --undefined--
30.015601   --undefined--
30.030601   --undefined--
END PITCH
0.1415215759959061	NONE
Time_s   F0_Hz
30.039541   250.091937
30.054541   251.840438
30.069541   244.559396
30.084541   233.443619
30.099541   227.928081
30.114541   224.760711
30.129541   224.078382
30.144541   222.845650
30.159541   220.825364
30.174541   218.291392
END PITCH
0.13220733460487466	NONE
Time_s   F0_Hz
30.183900   216.728578
30.198900   218.966716
30.213900   218.988412
30.228900   217.147884
30.243900   215.627854
30.258900   216.471111
30.273900   217.603373
30.288900   215.575515
30.303900   217.407910
END PITCH
0.10554891306824743	NONE
Time_s   F0_Hz
30.310278   218.122015
30.325278   215.787094
30.340278   214.520074
30.355278   214.135089
30.370278   212.968173
30.385278   211.703377
30.400278   212.078811
30.415278   211.227380
END PITCH
0.09694227955719015	NONE
Time_s   F0_Hz
30.419025   210.985175
30.434025   211.758637
30.449025   212.764206
30.464025   212.713474
30.479025   213.315892
30.494025   214.202518
30.509025   215.786273
END PITCH
0.10755639775689119	NONE
Time_s   F0_Hz
30.513770   216.276117
30.528770   217.447289
30.543770   218.197030
30.558770   219.230565
30.573770   220.909803
30.588770   222.547965
30.603770   225.875049
30.618770   227.458093
END PITCH
0.17124110695504413	NONE
Time_s   F0_Hz
30.623169   226.671721
30.638169   222.718145
30.653169   --undefined--
30.668169   --undefined--
30.683169   --undefined--
30.698169   --undefined--
30.713169   --undefined--
30.728169   --undefined--
30.743169   265.709503
30.758169   243.779615
30.773169   231.165820
30.788169   229.983914
END PITCH
0.15871130266262412	NONE
Time_s   F0_Hz
30.795646   229.304070
30.810646   227.737673
30.825646   227.439642
30.840646   226.795776
30.855646   222.089436
30.870646   224.468320
30.885646   226.407721
30.900646   --undefined--
30.915646   --undefined--
30.930646   --undefined--
30.945646   --undefined--
END PITCH
0.10876447596963601	NONE
Time_s   F0_Hz
30.951888   --undefined--
30.966888   --undefined--
30.981888   --undefined--
30.996888   249.496648
31.011888   241.585837
31.026888   244.434872
31.041888   243.888410
31.056888   239.286714
END PITCH
0.2592355240303661	NONE
Time_s   F0_Hz
31.060890   236.813829
31.075890   --undefined--
31.090890   --undefined--
31.105890   --undefined--
31.120890   --undefined--
31.135890   --undefined--
31.150890   --undefined--
31.165890   --undefined--
31.180890   --undefined--
31.195890   --undefined--
31.210890   271.045056
31.225890   262.327605
31.240890   259.538163
31.255890   262.762141
31.270890   268.123416
31.285890   272.798818
31.300890   276.077908
31.315890   283.082536
END PITCH
0.22451740442332024	NONE
Time_s   F0_Hz
31.325261   299.091762
31.340261   316.253450
31.355261   327.230179
31.370261   341.090084
31.385261   351.832316
31.400261   363.760724
31.415261   380.303401
31.430261   389.271268
31.445261   392.312454
31.460261   393.710339
31.475261   388.207757
31.490261   381.435564
31.505261   387.632154
31.520261   390.193214
31.535261   391.878986
END PITCH
0.5950054372922828	pause	
Time_s   F0_Hz
31.547523   --undefined--
31.562523   --undefined--
31.577523   --undefined--
31.592523   --undefined--
31.607523   --undefined--
31.622523   --undefined--
31.637523   --undefined--
31.652523   --undefined--
31.667523   --undefined--
31.682523   --undefined--
31.697523   --undefined--
31.712523   --undefined--
31.727523   --undefined--
31.742523   --undefined--
31.757523   --undefined--
31.772523   --undefined--
31.787523   --undefined--
31.802523   --undefined--
31.817523   --undefined--
31.832523   --undefined--
31.847523   --undefined--
31.862523   --undefined--
31.877523   --undefined--
31.892523   --undefined--
31.907523   --undefined--
31.922523   --undefined--
31.937523   --undefined--
31.952523   --undefined--
31.967523   --undefined--
31.982523   --undefined--
31.997523   --undefined--
32.012523   --undefined--
32.027523   --undefined--
32.042523   --undefined--
32.057523   --undefined--
32.072523   --undefined--
32.087523   --undefined--
32.102523   --undefined--
32.117523   --undefined--
32.132523   --undefined--
END PITCH
0.7324771582843965	NONE
Time_s   F0_Hz
32.143764   240.411849
32.158764   232.930096
32.173764   229.085942
32.188764   228.488442
32.203764   228.102407
32.218764   227.467691
32.233764   225.609430
32.248764   223.774513
32.263764   223.395161
32.278764   223.430469
32.293764   223.140195
32.308764   224.020493
32.323764   225.486438
32.338764   224.637066
32.353764   223.802260
32.368764   232.695658
32.383764   229.581691
32.398764   225.206280
32.413764   223.354681
32.428764   222.681674
32.443764   220.951495
32.458764   218.324267
32.473764   215.729052
32.488764   214.723060
32.503764   212.179480
32.518764   210.469981
32.533764   214.183342
32.548764   216.795196
32.563764   --undefined--
32.578764   --undefined--
32.593764   --undefined--
32.608764   --undefined--
32.623764   --undefined--
32.638764   --undefined--
32.653764   --undefined--
32.668764   --undefined--
32.683764   --undefined--
32.698764   --undefined--
32.713764   --undefined--
32.728764   --undefined--
32.743764   --undefined--
32.758764   --undefined--
32.773764   --undefined--
32.788764   --undefined--
32.803764   --undefined--
32.818764   --undefined--
32.833764   --undefined--
32.848764   --undefined--
32.863764   --undefined--
END PITCH
0.20545011093768295	NONE
Time_s   F0_Hz
33.803226   --undefined--
33.818226   --undefined--
33.833226   236.734288
33.848226   228.239451
33.863226   225.725625
33.878226   221.545151
33.893226   --undefined--
33.908226   --undefined--
33.923226   --undefined--
33.938226   --undefined--
33.953226   --undefined--
33.968226   --undefined--
33.983226   --undefined--
33.998226   --undefined--
END PITCH
0.11746290807660387	NONE
Time_s   F0_Hz
34.009677   --undefined--
34.024677   --undefined--
34.039677   --undefined--
34.054677   232.202567
34.069677   220.018967
34.084677   213.119458
34.099677   206.861991
34.114677   203.461453
END PITCH
0.10331075047700722	NONE
Time_s   F0_Hz
34.127562   199.596803
34.142562   205.219964
34.157562   212.770407
34.172562   217.485303
34.187562   219.244569
34.202562   219.898828
34.217562   219.710796
END PITCH
0.065099924958119	NONE
Time_s   F0_Hz
34.226769   222.590273
34.241769   228.984199
34.256769   230.169286
34.271769   231.296888
34.286769   232.304579
END PITCH
0.06934557223799231	NONE
Time_s   F0_Hz
34.293991   232.543093
34.308991   234.203718
34.323991   236.755974
34.338991   236.497588
34.353991   233.888766
END PITCH
0.127369418396313	NONE
Time_s   F0_Hz
34.362347   232.414733
34.377347   229.859048
34.392347   227.588597
34.407347   224.362629
34.422347   220.925677
34.437347   218.585171
34.452347   219.092093
34.467347   --undefined--
34.482347   --undefined--
END PITCH
0.07642165103779064	NONE
Time_s   F0_Hz
34.486752   --undefined--
34.501752   --undefined--
34.516752   223.376933
34.531752   219.671362
34.546752   216.282856
34.561752   213.755959
END PITCH
0.08353966387848999	NONE
Time_s   F0_Hz
34.566740   213.314288
34.581740   212.294509
34.596740   211.242788
34.611740   208.568812
34.626740   207.912598
34.641740   214.151484
END PITCH
0.15280136803466604	NONE
Time_s   F0_Hz
34.647404   213.926384
34.662404   210.535770
34.677404   208.603360
34.692404   206.734328
34.707404   204.819653
34.722404   203.301763
34.737404   200.890931
34.752404   201.700870
34.767404   201.797120
34.782404   200.812945
34.797404   200.563905
END PITCH
0.0636847091981565	NONE
Time_s   F0_Hz
34.800646   200.287066
34.815646   197.884662
34.830646   196.478968
34.845646   194.635578
34.860646   191.886014
END PITCH
0.20237585367414823	NONE
Time_s   F0_Hz
34.866185   190.847478
34.881185   189.451282
34.896185   189.806233
34.911185   190.838047
34.926185   193.608488
34.941185   195.321258
34.956185   --undefined--
34.971185   --undefined--
34.986185   --undefined--
35.001185   --undefined--
35.016185   --undefined--
35.031185   --undefined--
35.046185   --undefined--
35.061185   --undefined--
END PITCH
0.09142874604201268	NONE
Time_s   F0_Hz
35.065590   --undefined--
35.080590   207.753926
35.095590   199.905511
35.110590   193.846466
35.125590   190.407514
35.140590   199.299958
35.155590   200.788140
END PITCH
0.10897161351684304	NONE
Time_s   F0_Hz
35.158282   199.535996
35.173282   194.218027
35.188282   189.241854
35.203282   185.781037
35.218282   181.669186
35.233282   176.159700
35.248282   --undefined--
35.263282   --undefined--
END PITCH
0.20237585367414823	NONE
Time_s   F0_Hz
35.268951   --undefined--
35.283951   --undefined--
35.298951   178.429937
35.313951   170.301771
35.328951   161.088656
35.343951   --undefined--
35.358951   --undefined--
35.373951   --undefined--
35.388951   --undefined--
35.403951   --undefined--
35.418951   --undefined--
35.433951   --undefined--
35.448951   --undefined--
35.463951   --undefined--
END PITCH
0.09222363147927126	NONE
Time_s   F0_Hz
36.538413   --undefined--
36.553413   --undefined--
36.568413   251.427133
36.583413   245.415743
36.598413   245.226176
36.613413   244.348491
36.628413   241.664442
END PITCH
0.08047168941446614	NONE
Time_s   F0_Hz
36.632262   242.031127
36.647262   248.311260
36.662262   251.807238
36.677262   253.924952
36.692262   250.361456
36.707262   244.824092
END PITCH
0.03996618453797396	NONE
Time_s   F0_Hz
36.714989   246.219955
36.729989   252.614102
36.744989   252.401239
END PITCH
0.04083901757095276	NONE
Time_s   F0_Hz
36.755397   246.245326
36.770397   239.819001
36.785397   236.814017
END PITCH
0.06633823874808087	NONE
Time_s   F0_Hz
36.793980   233.433670
36.808980   227.640014
36.823980   222.839753
36.838980   216.697941
36.853980   209.352084
END PITCH
0.025708490761196856	NONE
Time_s   F0_Hz
36.862500   204.059900
36.877500   193.080643
END PITCH
0.09198902439733558	NONE
Time_s   F0_Hz
36.883855   188.384059
36.898855   185.824216
36.913855   182.180934
36.928855   189.865030
36.943855   --undefined--
36.958855   --undefined--
36.973855   --undefined--
END PITCH
0.161334596635335	NONE
Time_s   F0_Hz
36.980510   225.591436
36.995510   232.787754
37.010510   245.948758
37.025510   259.451687
37.040510   271.459461
37.055510   272.151683
37.070510   266.579797
37.085510   268.006153
37.100510   --undefined--
37.115510   --undefined--
37.130510   --undefined--
END PITCH
0.16841067543512622	NONE
Time_s   F0_Hz
37.137874   285.041035
37.152874   275.963759
37.167874   261.936952
37.182874   258.841077
37.197874   --undefined--
37.212874   --undefined--
37.227874   --undefined--
37.242874   --undefined--
37.257874   --undefined--
37.272874   --undefined--
37.287874   --undefined--
37.302874   --undefined--
END PITCH
0.4486233959070205	NONE
Time_s   F0_Hz
37.311400   --undefined--
37.326400   284.398122
37.341400   267.945371
37.356400   258.939203
37.371400   256.251899
37.386400   255.174945
37.401400   254.917104
37.416400   253.126555
37.431400   250.627880
37.446400   250.193360
37.461400   249.774715
37.476400   248.616372
37.491400   250.741479
37.506400   250.461480
37.521400   252.032959
37.536400   256.426307
37.551400   259.336669
37.566400   259.581837
37.581400   258.049835
37.596400   254.862654
37.611400   257.439078
37.626400   254.841328
37.641400   252.455251
37.656400   250.383230
37.671400   246.589050
37.686400   246.585241
37.701400   245.032110
37.716400   243.806462
37.731400   --undefined--
37.746400   --undefined--
END PITCH
0.08469642989069825	NONE
Time_s   F0_Hz
38.282851   252.531034
38.297851   233.804357
38.312851   215.505136
38.327851   203.033582
38.342851   192.478532
38.357851   186.425209
END PITCH
0.05463313628307276	NONE
Time_s   F0_Hz
38.367511   181.801502
38.382511   178.234742
38.397511   177.629793
38.412511   177.746962
END PITCH
0.18453832715000829	NONE
Time_s   F0_Hz
38.419592   178.313021
38.434592   --undefined--
38.449592   --undefined--
38.464592   --undefined--
38.479592   --undefined--
38.494592   --undefined--
38.509592   --undefined--
38.524592   --undefined--
38.539592   203.402562
38.554592   193.557948
38.569592   190.542561
38.584592   188.684835
38.599592   187.595393
END PITCH
0.08915859287741768	NONE
Time_s   F0_Hz
38.608940   190.492733
38.623940   189.452785
38.638940   187.163414
38.653940   183.943542
38.668940   180.353738
38.683940   177.337797
END PITCH
0.14576722327578295	NONE
Time_s   F0_Hz
38.696412   175.955496
38.711412   175.667826
38.726412   174.123357
38.741412   172.969018
38.756412   172.780008
38.771412   --undefined--
38.786412   --undefined--
38.801412   --undefined--
38.816412   --undefined--
38.831412   --undefined--
END PITCH
0.4146582176679985	NONE
Time_s   F0_Hz
38.841627   --undefined--
38.856627   --undefined--
38.871627   --undefined--
38.886627   --undefined--
38.901627   --undefined--
38.916627   --undefined--
38.931627   --undefined--
38.946627   --undefined--
38.961627   --undefined--
38.976627   --undefined--
38.991627   --undefined--
39.006627   327.571331
39.021627   335.200083
39.036627   347.584527
39.051627   353.100232
39.066627   346.699064
39.081627   338.551081
39.096627   332.090226
39.111627   330.562368
39.126627   328.725234
39.141627   317.980436
39.156627   307.448296
39.171627   322.317737
39.186627   326.378332
39.201627   331.391307
39.216627   --undefined--
39.231627   --undefined--
39.246627   --undefined--
END PITCH
0.18221717396365023	NONE
Time_s   F0_Hz
39.252562   334.116496
39.267562   331.225002
39.282562   322.070386
39.297562   312.047777
39.312562   304.486464
39.327562   293.149676
39.342562   290.754197
39.357562   --undefined--
39.372562   --undefined--
39.387562   --undefined--
39.402562   --undefined--
39.417562   308.543787
39.432562   297.283119
END PITCH
0.065099924958119	NONE
Time_s   F0_Hz
39.436224   294.858403
39.451224   286.411047
39.466224   282.354464
39.481224   279.237028
39.496224   276.628348
END PITCH
0.10897161351684304	NONE
Time_s   F0_Hz
39.500754   276.384873
39.515754   277.176600
39.530754   279.494078
39.545754   280.878234
39.560754   281.123685
39.575754   280.896413
39.590754   280.120131
39.605754   276.961841
END PITCH
0.14225936041641063	NONE
Time_s   F0_Hz
39.611366   275.855024
39.626366   278.240708
39.641366   279.451708
39.656366   278.882912
39.671366   276.198765
39.686366   273.439281
39.701366   269.215812
39.716366   270.742987
39.731366   --undefined--
39.746366   --undefined--
END PITCH
0.4393943169267587	NONE
Time_s   F0_Hz
39.752194   --undefined--
39.767194   --undefined--
39.782194   289.479802
39.797194   279.924662
39.812194   274.279547
39.827194   272.746431
39.842194   270.995764
39.857194   268.345011
39.872194   266.414999
39.887194   264.391182
39.902194   262.027674
39.917194   260.906416
39.932194   260.621530
39.947194   260.284578
39.962194   257.745992
39.977194   260.422615
39.992194   259.055910
40.007194   261.766796
40.022194   271.955062
40.037194   266.232547
40.052194   --undefined--
40.067194   --undefined--
40.082194   --undefined--
40.097194   --undefined--
40.112194   --undefined--
40.127194   --undefined--
40.142194   --undefined--
40.157194   --undefined--
40.172194   --undefined--
40.187194   --undefined--
END PITCH
0.05553466553114106	NONE
Time_s   F0_Hz
40.443271   246.013697
40.458271   237.749944
40.473271   228.739174
40.488271   227.684651
END PITCH
0.046702120078649045	NONE
Time_s   F0_Hz
40.494393   228.184184
40.509393   231.001980
40.524393   231.461855
40.539393   229.790101
END PITCH
0.04566080236175196	NONE
Time_s   F0_Hz
40.540573   229.741610
40.555573   229.939838
40.570573   229.758183
40.585573   228.908739
END PITCH
0.0362386249517499	NONE
Time_s   F0_Hz
40.589014   228.720519
40.604014   228.392694
40.619014   230.009492
END PITCH
0.09542837903961043	NONE
Time_s   F0_Hz
40.624853   230.816303
40.639853   229.731829
40.654853   222.810669
40.669853   221.496511
40.684853   --undefined--
40.699853   --undefined--
40.714853   --undefined--
END PITCH
0.10005448259886407	NONE
Time_s   F0_Hz
40.722596   --undefined--
40.737596   --undefined--
40.752596   --undefined--
40.767596   --undefined--
40.782596   --undefined--
40.797596   --undefined--
40.812596   --undefined--
END PITCH
0.13869114447598463	NONE
Time_s   F0_Hz
40.819461   --undefined--
40.834461   260.379791
40.849461   248.732247
40.864461   230.035138
40.879461   224.311759
40.894461   --undefined--
40.909461   --undefined--
40.924461   --undefined--
40.939461   --undefined--
40.954461   --undefined--
END PITCH
0.07925208255770855	NONE
Time_s   F0_Hz
40.958430   214.559319
40.973430   208.235945
40.988430   206.225547
41.003430   205.939746
41.018430   207.046685
41.033430   208.359616
END PITCH
0.12312377111643968	NONE
Time_s   F0_Hz
41.037120   208.320220
41.052120   207.208309
41.067120   206.421320
41.082120   206.390660
41.097120   208.302490
41.112120   209.640704
41.127120   208.910246
41.142120   211.128077
41.157120   222.533945
END PITCH
0.14718243903573835	NONE
Time_s   F0_Hz
41.164779   222.657971
41.179779   221.114663
41.194779   219.941230
41.209779   218.571854
41.224779   218.526450
41.239779   215.920890
41.254779   209.745057
41.269779   202.863398
41.284779   200.429942
41.299779   200.345438
END PITCH
0.16699545967516372	NONE
Time_s   F0_Hz
41.306865   200.598939
41.321865   201.972610
41.336865   201.211427
41.351865   201.324205
41.366865   203.053982
41.381865   201.540485
41.396865   197.239390
41.411865   --undefined--
41.426865   --undefined--
41.441865   --undefined--
41.456865   --undefined--
41.471865   --undefined--
END PITCH
0.2683325754949806	NONE
Time_s   F0_Hz
41.479529   229.063889
41.494529   224.047673
41.509529   224.445795
41.524529   226.449316
41.539529   230.642024
41.554529   --undefined--
41.569529   --undefined--
41.584529   --undefined--
41.599529   --undefined--
41.614529   --undefined--
41.629529   --undefined--
41.644529   --undefined--
41.659529   --undefined--
41.674529   --undefined--
41.689529   --undefined--
41.704529   --undefined--
41.719529   --undefined--
41.734529   --undefined--
END PITCH
0.13045904982629963	NONE
Time_s   F0_Hz
41.746429   --undefined--
41.761429   --undefined--
41.776429   --undefined--
41.791429   --undefined--
41.806429   270.575727
41.821429   258.298273
41.836429   250.369370
41.851429   254.597610
41.866429   259.863162
END PITCH
0.1449544998069996	NONE
Time_s   F0_Hz
41.876638   --undefined--
41.891638   --undefined--
41.906638   --undefined--
41.921638   349.740914
41.936638   349.797388
41.951638   357.169321
41.966638   372.987499
41.981638   393.245535
41.996638   398.982851
42.011638   398.406015
END PITCH
0.17139217102261028	NONE
Time_s   F0_Hz
42.019813   393.079672
42.034813   371.760342
42.049813   336.517522
42.064813   297.917201
42.079813   272.231853
42.094813   264.606553
42.109813   --undefined--
42.124813   --undefined--
42.139813   --undefined--
42.154813   --undefined--
END PITCH
