#Each entry contains the duration of a syllable (in seconds), an optional label, and a pitch time series.
0.33257570359037614	NONE
Time_s   F0_Hz
0.486621   209.067931
0.501621   208.674856
0.516621   208.936895
0.531621   209.223482
0.546621   210.228641
0.561621   211.127538
0.576621   211.788360
0.591621   211.875435
0.606621   212.426058
0.621621   212.063549
0.636621   209.288409
0.651621   207.129363
0.666621   208.815452
0.681621   211.175907
0.696621   207.027736
0.711621   205.706863
0.726621   209.986039
0.741621   210.897671
0.756621   --undefined--
0.771621   --undefined--
0.786621   --undefined--
0.801621   --undefined--
0.816621   --undefined--
END PITCH
0.7005318011797282	NONE
Time_s   F0_Hz
0.823175   --undefined--
0.838175   --undefined--
0.853175   --undefined--
0.868175   --undefined--
0.883175   --undefined--
0.898175   --undefined--
0.913175   --undefined--
0.928175   --undefined--
0.943175   --undefined--
0.958175   --undefined--
0.973175   --undefined--
0.988175   --undefined--
1.003175   169.980333
1.018175   167.915652
1.033175   167.589257
1.048175   166.685048
1.063175   166.984725
1.078175   166.664459
1.093175   166.283488
1.108175   --undefined--
1.123175   --undefined--
1.138175   --undefined--
1.153175   --undefined--
1.168175   --undefined--
1.183175   --undefined--
1.198175   --undefined--
1.213175   --undefined--
1.228175   --undefined--
1.243175   --undefined--
1.258175   --undefined--
1.273175   --undefined--
1.288175   --undefined--
1.303175   --undefined--
1.318175   --undefined--
1.333175   --undefined--
1.348175   --undefined--
1.363175   --undefined--
1.378175   --undefined--
1.393175   --undefined--
1.408175   --undefined--
1.423175   --undefined--
1.438175   --undefined--
1.453175   --undefined--
1.468175   --undefined--
1.483175   --undefined--
1.498175   --undefined--
1.513175   --undefined--
END PITCH
0.27855166296311595	NONE
Time_s   F0_Hz
1.522721   --undefined--
1.537721   --undefined--
1.552721   199.007601
1.567721   199.271936
1.582721   201.074878
1.597721   202.419271
1.612721   202.623773
1.627721   202.057587
1.642721   203.139941
1.657721   199.602969
1.672721   195.339488
1.687721   193.910128
1.702721   --undefined--
1.717721   --undefined--
1.732721   --undefined--
1.747721   --undefined--
1.762721   --undefined--
1.777721   --undefined--
1.792721   --undefined--
END PITCH
0.23599094732936465	NONE
Time_s   F0_Hz
1.802500   --undefined--
1.817500   --undefined--
1.832500   193.510546
1.847500   191.679778
1.862500   189.991119
1.877500   187.028666
1.892500   184.931564
1.907500   183.206295
1.922500   183.657554
1.937500   183.601201
1.952500   184.837122
1.967500   --undefined--
1.982500   --undefined--
1.997500   --undefined--
2.012500   --undefined--
2.027500   --undefined--
END PITCH
0.7953512570969847	NONE
Time_s   F0_Hz
2.033169   --undefined--
2.048169   195.810160
2.063169   195.763233
2.078169   196.471300
2.093169   197.321690
2.108169   202.083845
2.123169   206.915206
2.138169   210.660938
2.153169   214.763254
2.168169   220.296162
2.183169   229.242645
2.198169   238.655987
2.213169   245.077046
2.228169   249.488534
2.243169   259.466750
2.258169   268.664671
2.273169   286.297899
2.288169   307.298996
2.303169   325.120932
2.318169   336.925074
2.333169   352.816002
2.348169   363.626701
2.363169   365.774322
2.378169   370.419201
2.393169   379.865870
2.408169   382.780592
2.423169   386.963811
2.438169   394.057273
2.453169   394.075472
2.468169   395.027705
2.483169   389.684023
2.498169   383.433352
2.513169   378.164507
2.528169   370.597386
2.543169   357.564790
2.558169   349.178441
2.573169   329.701786
2.588169   316.375878
2.603169   286.485499
2.618169   256.082123
2.633169   237.036369
2.648169   221.440648
2.663169   217.503909
2.678169   214.225559
2.693169   216.189393
2.708169   214.702007
2.723169   212.252033
2.738169   --undefined--
2.753169   --undefined--
2.768169   --undefined--
2.783169   --undefined--
2.798169   --undefined--
2.813169   --undefined--
2.828169   --undefined--
END PITCH
0.44056406051441055	NONE
Time_s   F0_Hz
2.831128   --undefined--
2.846128   --undefined--
2.861128   --undefined--
2.876128   198.892250
2.891128   201.659646
2.906128   208.986274
2.921128   211.458134
2.936128   212.473803
2.951128   212.711050
2.966128   211.177113
2.981128   209.654029
2.996128   208.197117
3.011128   206.891118
3.026128   204.855698
3.041128   201.068670
3.056128   200.065725
3.071128   197.955657
3.086128   195.416479
3.101128   193.732309
3.116128   194.678006
3.131128   193.697506
3.146128   192.158269
3.161128   190.827277
3.176128   191.435263
3.191128   191.170672
3.206128   190.493166
3.221128   189.553313
3.236128   187.968946
3.251128   186.042198
3.266128   183.325370
END PITCH
0.4627755535066078	NONE
Time_s   F0_Hz
3.275295   182.324865
3.290295   181.229183
3.305295   180.924422
3.320295   183.327420
3.335295   186.812852
3.350295   188.473786
3.365295   188.455334
3.380295   188.567243
3.395295   188.099083
3.410295   188.074533
3.425295   187.585426
3.440295   187.623196
3.455295   187.885844
3.470295   187.860652
3.485295   187.999525
3.500295   187.344852
3.515295   186.052237
3.530295   188.168035
3.545295   190.359589
3.560295   187.070217
3.575295   --undefined--
3.590295   --undefined--
3.605295   --undefined--
3.620295   --undefined--
3.635295   --undefined--
3.650295   --undefined--
3.665295   --undefined--
3.680295   --undefined--
3.695295   --undefined--
3.710295   --undefined--
3.725295   --undefined--
END PITCH
0.7274506532235838	NONE
Time_s   F0_Hz
3.735408   --undefined--
3.750408   --undefined--
3.765408   --undefined--
3.780408   --undefined--
3.795408   --undefined--
3.810408   --undefined--
3.825408   --undefined--
3.840408   187.920794
3.855408   187.308924
3.870408   184.488367
3.885408   182.109732
3.900408   181.402443
3.915408   179.199158
3.930408   177.960153
3.945408   177.005247
3.960408   175.184483
3.975408   172.688799
3.990408   171.627413
4.005408   170.574826
4.020408   169.549459
4.035408   168.242006
4.050408   167.837315
4.065408   167.744711
4.080408   166.923278
4.095408   166.395254
4.110408   166.173472
4.125408   165.970610
4.140408   166.072036
4.155408   165.691648
4.170408   164.829813
4.185408   164.052906
4.200408   163.106500
4.215408   162.477213
4.230408   161.543945
4.245408   159.974031
4.260408   159.983427
4.275408   160.095830
4.290408   159.692569
4.305408   --undefined--
4.320408   --undefined--
4.335408   --undefined--
4.350408   135.576064
4.365408   125.365938
4.380408   124.951841
4.395408   127.721878
4.410408   125.498495
4.425408   127.728109
4.440408   --undefined--
4.455408   --undefined--
END PITCH
0.9128141651735842	NONE
Time_s   F0_Hz
5.751701   --undefined--
5.766701   --undefined--
5.781701   --undefined--
5.796701   189.213130
5.811701   187.628790
5.826701   187.543478
5.841701   186.795462
5.856701   185.063755
5.871701   183.345187
5.886701   182.461277
5.901701   182.356330
5.916701   180.238995
5.931701   177.559417
5.946701   176.701617
5.961701   175.570004
5.976701   --undefined--
5.991701   --undefined--
6.006701   --undefined--
6.021701   --undefined--
6.036701   --undefined--
6.051701   --undefined--
6.066701   --undefined--
6.081701   --undefined--
6.096701   --undefined--
6.111701   203.027134
6.126701   214.763243
6.141701   232.332878
6.156701   232.141319
6.171701   228.341911
6.186701   226.558742
6.201701   --undefined--
6.216701   --undefined--
6.231701   --undefined--
6.246701   --undefined--
6.261701   --undefined--
6.276701   80.315865
6.291701   81.580605
6.306701   --undefined--
6.321701   --undefined--
6.336701   --undefined--
6.351701   --undefined--
6.366701   --undefined--
6.381701   --undefined--
6.396701   --undefined--
6.411701   --undefined--
6.426701   --undefined--
6.441701   --undefined--
6.456701   --undefined--
6.471701   --undefined--
6.486701   --undefined--
6.501701   --undefined--
6.516701   --undefined--
6.531701   --undefined--
6.546701   --undefined--
6.561701   --undefined--
6.576701   --undefined--
6.591701   --undefined--
6.606701   --undefined--
6.621701   --undefined--
6.636701   --undefined--
6.651701   --undefined--
END PITCH
0.38399999999999945	NONE
Time_s   F0_Hz
7.561502   --undefined--
7.576502   --undefined--
7.591502   188.215901
7.606502   186.015986
7.621502   184.216306
7.636502   184.311524
7.651502   182.814260
7.666502   182.148983
7.681502   181.421583
7.696502   180.340637
7.711502   180.043980
7.726502   179.653321
7.741502   178.893282
7.756502   180.064606
7.771502   179.946266
7.786502   180.054248
7.801502   179.640677
7.816502   178.678181
7.831502   179.325274
7.846502   178.388536
7.861502   178.091386
7.876502   178.665331
7.891502   178.135421
7.906502   177.956342
7.921502   177.278819
7.936502   177.369193
END PITCH
0.6719999999999997	NONE
Time_s   F0_Hz
7.946995   177.638442
7.961995   177.816510
7.976995   177.060839
7.991995   177.524961
8.006995   176.926987
8.021995   177.015433
8.036995   177.541196
8.051995   176.311238
8.066995   175.671196
8.081995   175.825173
8.096995   174.585883
8.111995   175.228808
8.126995   175.337171
8.141995   175.234342
8.156995   175.420462
8.171995   175.907081
8.186995   176.574278
8.201995   176.307051
8.216995   174.978352
8.231995   173.865302
8.246995   173.203964
8.261995   172.447833
8.276995   173.608030
8.291995   174.276373
8.306995   174.292375
8.321995   173.272030
8.336995   172.282876
8.351995   171.877866
8.366995   172.418925
8.381995   172.006198
8.396995   171.823901
8.411995   172.063366
8.426995   171.545624
8.441995   171.121103
8.456995   170.775540
8.471995   170.918129
8.486995   170.549681
8.501995   170.103439
8.516995   171.760582
8.531995   170.403650
8.546995   170.443600
8.561995   168.740772
8.576995   170.413381
8.591995   169.300830
8.606995   172.697992
END PITCH
0.14859765479570086	NONE
Time_s   F0_Hz
9.571241   --undefined--
9.586241   --undefined--
9.601241   --undefined--
9.616241   --undefined--
9.631241   203.748005
9.646241   192.695883
9.661241   186.019699
9.676241   182.815815
9.691241   184.116030
9.706241   182.144065
END PITCH
0.2119611669838104	NONE
Time_s   F0_Hz
9.714014   181.201553
9.729014   179.671538
9.744014   178.942985
9.759014   177.679846
9.774014   175.340638
9.789014   173.434398
9.804014   --undefined--
9.819014   --undefined--
9.834014   --undefined--
9.849014   --undefined--
9.864014   --undefined--
9.879014   --undefined--
9.894014   --undefined--
9.909014   --undefined--
9.924014   --undefined--
END PITCH
0.14399999999999835	NONE
Time_s   F0_Hz
9.929495   --undefined--
9.944495   --undefined--
9.959495   --undefined--
9.974495   172.586991
9.989495   167.614444
10.004495   166.363931
10.019495   164.904717
10.034495   162.224556
10.049495   161.109569
10.064495   159.553853
END PITCH
0.1440000000000019	NONE
Time_s   F0_Hz
10.073498   158.094994
10.088498   156.329127
10.103498   154.940461
10.118498   153.842366
10.133498   154.867910
10.148498   154.025733
10.163498   152.369749
10.178498   151.169161
10.193498   152.629388
10.208498   153.131644
END PITCH
0.5798484578649408	NONE
Time_s   F0_Hz
10.217925   152.767386
10.232925   153.058524
10.247925   154.250699
10.262925   155.065249
10.277925   155.122979
10.292925   154.227457
10.307925   153.877664
10.322925   152.880919
10.337925   152.493557
10.352925   151.812577
10.367925   152.527694
10.382925   153.807671
10.397925   151.488815
10.412925   152.345631
10.427925   154.494815
10.442925   153.605085
10.457925   155.944750
10.472925   160.488113
10.487925   162.632353
10.502925   --undefined--
10.517925   --undefined--
10.532925   188.369979
10.547925   199.433017
10.562925   207.767549
10.577925   --undefined--
10.592925   --undefined--
10.607925   --undefined--
10.622925   --undefined--
10.637925   --undefined--
10.652925   --undefined--
10.667925   --undefined--
10.682925   --undefined--
10.697925   --undefined--
10.712925   --undefined--
10.727925   --undefined--
10.742925   --undefined--
10.757925   --undefined--
10.772925   --undefined--
10.787925   --undefined--
END PITCH
0.11820770671237035	NONE
Time_s   F0_Hz
10.799450   --undefined--
10.814450   206.401656
10.829450   200.208744
10.844450   195.123140
10.859450   190.212279
10.874450   188.351399
10.889450   186.058019
10.904450   184.911791
END PITCH
0.13394383542268962	NONE
Time_s   F0_Hz
10.918016   90.573116
10.933016   89.544909
10.948016   88.496052
10.963016   88.308033
10.978016   88.263136
10.993016   87.651269
11.008016   --undefined--
11.023016   --undefined--
11.038016   --undefined--
END PITCH
0.1462688850492011	NONE
Time_s   F0_Hz
11.050629   --undefined--
11.065629   --undefined--
11.080629   --undefined--
11.095629   --undefined--
11.110629   --undefined--
11.125629   --undefined--
11.140629   179.192736
11.155629   173.837386
11.170629   171.703245
11.185629   173.961272
END PITCH
0.1577311149507974	NONE
Time_s   F0_Hz
11.195136   174.603390
11.210136   174.923817
11.225136   173.599403
11.240136   171.823911
11.255136   --undefined--
11.270136   --undefined--
11.285136   --undefined--
11.300136   --undefined--
11.315136   --undefined--
11.330136   --undefined--
11.345136   --undefined--
END PITCH
0.8753763898193068	NONE
Time_s   F0_Hz
11.351689   --undefined--
11.366689   --undefined--
11.381689   --undefined--
11.396689   --undefined--
11.411689   171.975648
11.426689   167.911027
11.441689   165.678349
11.456689   164.343162
11.471689   162.539169
11.486689   161.317563
11.501689   160.103537
11.516689   160.137071
11.531689   159.976067
11.546689   159.470047
11.561689   159.888136
11.576689   160.503153
11.591689   160.674443
11.606689   160.653275
11.621689   161.405595
11.636689   162.272488
11.651689   163.453613
11.666689   165.065109
11.681689   166.994530
11.696689   169.530665
11.711689   171.192637
11.726689   172.579555
11.741689   --undefined--
11.756689   --undefined--
11.771689   --undefined--
11.786689   --undefined--
11.801689   --undefined--
11.816689   --undefined--
11.831689   --undefined--
11.846689   --undefined--
11.861689   --undefined--
11.876689   --undefined--
11.891689   --undefined--
11.906689   --undefined--
11.921689   --undefined--
11.936689   --undefined--
11.951689   --undefined--
11.966689   --undefined--
11.981689   218.587973
11.996689   220.792069
12.011689   218.394566
12.026689   209.364311
12.041689   204.822696
12.056689   199.051380
12.071689   204.523187
12.086689   213.139240
12.101689   208.094689
12.116689   210.580491
12.131689   217.535934
12.146689   214.831710
12.161689   211.822516
12.176689   204.575519
12.191689   202.007139
12.206689   203.123460
12.221689   206.080388
END PITCH
0.2079999999999984	NONE
Time_s   F0_Hz
14.411491   --undefined--
14.426491   --undefined--
14.441491   --undefined--
14.456491   --undefined--
14.471491   198.282789
14.486491   193.921306
14.501491   189.092205
14.516491   185.530648
14.531491   185.222579
14.546491   184.475346
14.561491   182.424766
14.576491   179.692239
14.591491   178.212417
14.606491   178.536358
END PITCH
0.34244473409396825	NONE
Time_s   F0_Hz
14.619218   179.018319
14.634218   184.165698
14.649218   182.446935
14.664218   179.288695
14.679218   176.768171
14.694218   175.124684
14.709218   173.707105
14.724218   172.984819
14.739218   172.959597
14.754218   172.598281
14.769218   171.906044
14.784218   171.501569
14.799218   171.920580
14.814218   173.048515
14.829218   174.229695
14.844218   174.388295
14.859218   172.391437
14.874218   169.411036
14.889218   167.486841
14.904218   167.431357
14.919218   170.428848
14.934218   170.850717
14.949218   171.498307
END PITCH
0.2052062851940608	NONE
Time_s   F0_Hz
14.960550   172.647564
14.975550   172.444632
14.990550   170.553737
15.005550   168.886631
15.020550   167.991484
15.035550   167.166989
15.050550   166.814840
15.065550   166.038990
15.080550   165.250388
15.095550   164.354266
15.110550   163.951159
15.125550   163.591080
15.140550   163.266259
15.155550   163.235149
END PITCH
0.5243489807119701	NONE
Time_s   F0_Hz
15.167823   --undefined--
15.182823   --undefined--
15.197823   --undefined--
15.212823   --undefined--
15.227823   --undefined--
15.242823   --undefined--
15.257823   --undefined--
15.272823   --undefined--
15.287823   --undefined--
15.302823   --undefined--
15.317823   179.799926
15.332823   177.767295
15.347823   175.344649
15.362823   172.353752
15.377823   169.866436
15.392823   168.605672
15.407823   166.766345
15.422823   165.194881
15.437823   164.048523
15.452823   163.350104
15.467823   163.372978
15.482823   162.786376
15.497823   162.202251
15.512823   161.749069
15.527823   161.531296
15.542823   161.569783
15.557823   162.083483
15.572823   162.803039
15.587823   163.590675
15.602823   164.130462
15.617823   163.609563
15.632823   161.544695
15.647823   --undefined--
15.662823   --undefined--
15.677823   --undefined--
END PITCH
0.5280000000000022	NONE
Time_s   F0_Hz
15.686491   --undefined--
15.701491   --undefined--
15.716491   --undefined--
15.731491   --undefined--
15.746491   --undefined--
15.761491   160.284161
15.776491   161.262008
15.791491   161.332811
15.806491   163.760915
15.821491   164.726161
15.836491   165.399661
15.851491   165.458151
15.866491   165.348229
15.881491   164.804095
15.896491   163.938883
15.911491   162.633494
15.926491   161.539834
15.941491   161.332778
15.956491   160.612690
15.971491   159.568501
15.986491   158.675427
16.001491   158.454276
16.016491   158.267474
16.031491   159.039177
16.046491   159.505912
16.061491   158.261025
16.076491   157.613257
16.091491   157.820335
16.106491   --undefined--
16.121491   --undefined--
16.136491   --undefined--
16.151491   --undefined--
16.166491   --undefined--
16.181491   --undefined--
16.196491   --undefined--
16.211491   --undefined--
END PITCH
0.1280000000000001	NONE
Time_s   F0_Hz
16.633005   --undefined--
16.648005   --undefined--
16.663005   --undefined--
16.678005   --undefined--
16.693005   171.971621
16.708005   169.418518
16.723005   166.396225
16.738005   164.486193
16.753005   162.032897
END PITCH
0.2240000000000002	NONE
Time_s   F0_Hz
16.764002   162.009554
16.779002   163.142010
16.794002   163.587656
16.809002   164.062927
16.824002   163.327703
16.839002   161.861860
16.854002   160.595517
16.869002   159.084977
16.884002   157.511111
16.899002   155.625164
16.914002   154.625699
16.929002   154.237901
16.944002   --undefined--
16.959002   --undefined--
16.974002   --undefined--
END PITCH
0.1773546223199105	NONE
Time_s   F0_Hz
16.987171   --undefined--
17.002171   --undefined--
17.017171   --undefined--
17.032171   --undefined--
17.047171   --undefined--
17.062171   --undefined--
17.077171   --undefined--
17.092171   --undefined--
17.107171   --undefined--
17.122171   --undefined--
17.137171   --undefined--
17.152171   --undefined--
END PITCH
1.0386453776800906	NONE
Time_s   F0_Hz
17.160176   --undefined--
17.175176   --undefined--
17.190176   --undefined--
17.205176   --undefined--
17.220176   --undefined--
17.235176   --undefined--
17.250176   --undefined--
17.265176   --undefined--
17.280176   --undefined--
17.295176   --undefined--
17.310176   195.976654
17.325176   189.768909
17.340176   186.370287
17.355176   183.815281
17.370176   184.585872
17.385176   182.749363
17.400176   181.340901
17.415176   180.579855
17.430176   179.302290
17.445176   177.435543
17.460176   175.413741
17.475176   173.040812
17.490176   171.340009
17.505176   169.431064
17.520176   169.157308
17.535176   169.480067
17.550176   169.735878
17.565176   169.640195
17.580176   169.250952
17.595176   169.823880
17.610176   170.971595
17.625176   171.873438
17.640176   173.497075
17.655176   175.349457
17.670176   177.150330
17.685176   179.929604
17.700176   183.564703
17.715176   186.153530
17.730176   189.411656
17.745176   195.376526
17.760176   207.817816
17.775176   211.762752
17.790176   214.031969
17.805176   220.963930
17.820176   224.466531
17.835176   238.525792
17.850176   244.240105
17.865176   248.247320
17.880176   262.038073
17.895176   288.644533
17.910176   293.006901
17.925176   295.046857
17.940176   297.955825
17.955176   302.046328
17.970176   307.281788
17.985176   314.796166
18.000176   324.053275
18.015176   332.932189
18.030176   338.824248
18.045176   344.233977
18.060176   348.953640
18.075176   356.336672
18.090176   356.068338
18.105176   --undefined--
18.120176   --undefined--
18.135176   --undefined--
18.150176   --undefined--
18.165176   --undefined--
18.180176   --undefined--
18.195176   --undefined--
END PITCH
0.9759999999999991	NONE
Time_s   F0_Hz
18.197500   --undefined--
18.212500   --undefined--
18.227500   211.781318
18.242500   204.008152
18.257500   196.021135
18.272500   192.471487
18.287500   188.718451
18.302500   187.119935
18.317500   184.093955
18.332500   182.364471
18.347500   181.271188
18.362500   179.756699
18.377500   178.110258
18.392500   --undefined--
18.407500   --undefined--
18.422500   85.852258
18.437500   84.862135
18.452500   84.403233
18.467500   83.770036
18.482500   84.034803
18.497500   82.491455
18.512500   82.248335
18.527500   82.491226
18.542500   82.850784
18.557500   82.494410
18.572500   82.556717
18.587500   81.838314
18.602500   81.612431
18.617500   --undefined--
18.632500   --undefined--
18.647500   180.390626
18.662500   178.198072
18.677500   171.932873
18.692500   165.726904
18.707500   168.473052
18.722500   167.209961
18.737500   163.301165
18.752500   160.767318
18.767500   160.315683
18.782500   158.035106
18.797500   158.015105
18.812500   158.561721
18.827500   158.881316
18.842500   --undefined--
18.857500   --undefined--
18.872500   --undefined--
18.887500   --undefined--
18.902500   --undefined--
18.917500   --undefined--
18.932500   --undefined--
18.947500   --undefined--
18.962500   --undefined--
18.977500   --undefined--
18.992500   --undefined--
19.007500   --undefined--
19.022500   --undefined--
19.037500   --undefined--
19.052500   --undefined--
19.067500   --undefined--
19.082500   --undefined--
19.097500   --undefined--
19.112500   --undefined--
19.127500   --undefined--
19.142500   --undefined--
19.157500   --undefined--
19.172500   --undefined--
END PITCH
0.4730469228074021	NONE
Time_s   F0_Hz
20.825017   --undefined--
20.840017   224.960021
20.855017   214.444994
20.870017   217.158910
20.885017   224.513443
20.900017   235.688599
20.915017   237.854929
20.930017   235.246510
20.945017   112.045893
20.960017   113.045868
20.975017   --undefined--
20.990017   338.719755
21.005017   328.695963
21.020017   321.655712
21.035017   299.483918
21.050017   266.244000
21.065017   247.049347
21.080017   234.514447
21.095017   221.539593
21.110017   216.731423
21.125017   210.868963
21.140017   212.390124
21.155017   214.348649
21.170017   209.873265
21.185017   206.582252
21.200017   203.575773
21.215017   200.477655
21.230017   208.228719
21.245017   --undefined--
21.260017   --undefined--
21.275017   --undefined--
21.290017   --undefined--
END PITCH
1.2847532272763686	NONE
Time_s   F0_Hz
21.429121   197.526851
21.444121   191.185299
21.459121   186.875503
21.474121   185.051379
21.489121   186.740120
21.504121   187.437222
21.519121   188.739387
21.534121   188.908185
21.549121   189.410651
21.564121   189.845947
21.579121   189.089434
21.594121   188.493988
21.609121   187.596762
21.624121   186.068671
21.639121   185.017782
21.654121   184.351465
21.669121   183.543017
21.684121   183.126801
21.699121   182.834027
21.714121   182.286480
21.729121   182.010387
21.744121   181.855278
21.759121   181.455097
21.774121   181.035218
21.789121   180.792968
21.804121   180.348312
21.819121   179.596746
21.834121   179.144769
21.849121   178.319042
21.864121   177.308418
21.879121   176.593683
21.894121   176.501776
21.909121   177.026891
21.924121   177.568255
21.939121   178.545435
21.954121   178.825046
21.969121   178.646251
21.984121   178.815109
21.999121   178.599639
22.014121   178.184252
22.029121   177.828542
22.044121   177.414278
22.059121   176.830409
22.074121   177.343088
22.089121   177.498738
22.104121   177.048240
22.119121   177.072788
22.134121   177.349712
22.149121   177.389461
22.164121   177.093370
22.179121   176.319244
22.194121   176.150076
22.209121   175.406466
22.224121   175.120273
22.239121   176.480924
22.254121   176.735462
22.269121   177.169444
22.284121   176.872664
22.299121   176.494974
22.314121   176.790767
22.329121   176.344560
22.344121   176.177155
22.359121   176.287749
22.374121   175.910282
22.389121   175.882024
22.404121   175.605903
22.419121   175.911536
22.434121   175.574004
22.449121   175.772297
22.464121   175.419396
22.479121   174.806998
22.494121   174.197550
22.509121   174.848633
22.524121   174.773861
22.539121   175.227380
22.554121   175.316092
22.569121   175.668342
22.584121   177.714784
22.599121   181.549453
22.614121   183.664400
22.629121   186.323773
22.644121   186.174298
22.659121   183.587649
22.674121   186.384072
22.689121   --undefined--
22.704121   --undefined--
END PITCH
0.23580092858884072	NONE
Time_s   F0_Hz
25.386400   --undefined--
25.401400   207.489469
25.416400   213.458101
25.431400   227.161864
25.446400   247.275167
25.461400   252.320331
25.476400   251.957327
25.491400   253.233406
25.506400   249.254202
25.521400   247.095612
25.536400   234.152261
25.551400   227.233209
25.566400   229.470463
25.581400   225.876163
25.596400   225.513248
25.611400   230.518803
END PITCH
0.2745518574320549	NONE
Time_s   F0_Hz
25.619082   240.116154
25.634082   226.434055
25.649082   220.331802
25.664082   219.115251
25.679082   215.657109
25.694082   210.816565
25.709082   213.229495
25.724082   214.470012
25.739082   216.000225
25.754082   219.419246
25.769082   222.097717
25.784082   228.662054
25.799082   240.380579
25.814082   246.235810
25.829082   253.778355
25.844082   251.468979
25.859082   250.415636
25.874082   --undefined--
25.889082   --undefined--
END PITCH
0.14564721397910319	NONE
Time_s   F0_Hz
25.896684   261.788390
25.911684   260.061650
25.926684   254.647678
25.941684   251.435022
25.956684   249.369243
25.971684   249.005551
25.986684   246.398021
26.001684   229.445005
26.016684   222.825567
26.031684   235.597569
END PITCH
0.12465899617307485	NONE
Time_s   F0_Hz
26.039331   233.158239
26.054331   228.260550
26.069331   246.115530
26.084331   246.249893
26.099331   244.841248
26.114331   243.569003
26.129331   238.525524
26.144331   228.401831
26.159331   218.231847
END PITCH
0.06934557223799231	NONE
Time_s   F0_Hz
26.166327   219.340410
26.181327   219.501478
26.196327   218.344459
26.211327   219.927595
26.226327   221.308299
END PITCH
0.1146324765566824	NONE
Time_s   F0_Hz
26.235811   222.357346
26.250811   222.749132
26.265811   219.307194
26.280811   216.418358
26.295811   214.259442
26.310811   209.478005
26.325811   204.646591
26.340811   195.717346
END PITCH
0.11038682927680554	NONE
Time_s   F0_Hz
26.348328   192.097089
26.363328   187.232745
26.378328   187.731706
26.393328   191.500268
26.408328   197.095280
26.423328   205.500061
26.438328   202.471245
26.453328   197.299551
END PITCH
0.19105412759447304	NONE
Time_s   F0_Hz
26.461553   197.519966
26.476553   205.426456
26.491553   206.466675
26.506553   210.834565
26.521553   214.308103
26.536553   207.167528
26.551553   203.828962
26.566553   199.004785
26.581553   199.421711
26.596553   198.007352
26.611553   197.433032
26.626553   197.964520
26.641553   193.327783
END PITCH
0.21511279551377527	NONE
Time_s   F0_Hz
26.649637   192.278880
26.664637   193.195796
26.679637   191.451207
26.694637   190.181559
26.709637   189.319050
26.724637   189.135061
26.739637   189.187678
26.754637   189.777376
26.769637   189.889161
26.784637   189.719239
26.799637   189.520127
26.814637   189.674835
26.829637   187.943693
26.844637   185.841978
26.859637   186.462472
END PITCH
0.27788873891070054	NONE
Time_s   F0_Hz
26.866134   186.679124
26.881134   185.309727
26.896134   183.239438
26.911134   --undefined--
26.926134   --undefined--
26.941134   --undefined--
26.956134   --undefined--
26.971134   220.544878
26.986134   209.093668
27.001134   203.253353
27.016134   198.847568
27.031134   198.666261
27.046134   195.874037
27.061134   197.431240
27.076134   197.868004
27.091134   198.733385
27.106134   200.745843
27.121134   202.327740
27.136134   203.513489
END PITCH
0.144352007515824	NONE
Time_s   F0_Hz
27.144745   204.619731
27.159745   208.440872
27.174745   213.775509
27.189745   216.895098
27.204745   219.711109
27.219745   223.935486
27.234745   224.672699
27.249745   225.073059
27.264745   224.522823
27.279745   223.739915
END PITCH
0.17265632271500309	NONE
Time_s   F0_Hz
27.288248   224.685923
27.303248   227.928915
27.318248   227.759354
27.333248   231.713438
27.348248   242.898585
27.363248   251.948836
27.378248   256.071356
27.393248   257.942871
27.408248   260.717118
27.423248   257.244446
27.438248   253.169070
27.453248   266.122588
END PITCH
0.4401321013472632	NONE
Time_s   F0_Hz
27.459643   276.031560
27.474643   276.494203
27.489643   271.345953
27.504643   271.386624
27.519643   271.179539
27.534643   270.590272
27.549643   273.002666
27.564643   272.472934
27.579643   272.921418
27.594643   274.303070
27.609643   275.083082
27.624643   277.502932
27.639643   282.754264
27.654643   287.550276
27.669643   288.831613
27.684643   289.684046
27.699643   291.517076
27.714643   292.697915
27.729643   295.040950
27.744643   298.340428
27.759643   301.786908
27.774643   309.831067
27.789643   322.215952
27.804643   331.190967
27.819643   346.881919
27.834643   --undefined--
27.849643   193.693829
27.864643   192.441697
27.879643   186.301116
27.894643   179.179592
END PITCH
0.2640453418747164	NONE
Time_s   F0_Hz
29.185471   --undefined--
29.200471   --undefined--
29.215471   --undefined--
29.230471   197.286764
29.245471   195.460225
29.260471   195.633485
29.275471   193.403885
29.290471   194.915300
29.305471   194.589841
29.320471   195.546807
29.335471   194.866400
29.350471   189.387429
29.365471   184.431553
29.380471   187.583836
29.395471   186.652630
29.410471   185.609459
29.425471   184.270759
29.440471   --undefined--
END PITCH
0.12208508821937514	NONE
Time_s   F0_Hz
29.446032   --undefined--
29.461032   --undefined--
29.476032   --undefined--
29.491032   192.297616
29.506032   187.864185
29.521032   184.003348
29.536032   182.050969
29.551032   183.217576
29.566032   181.642909
END PITCH
0.07783686679774604	NONE
Time_s   F0_Hz
29.568498   181.598963
29.583498   181.266870
29.598498   180.769421
29.613498   181.605535
29.628498   182.053904
29.643498   182.574301
END PITCH
0.06509992495811545	NONE
Time_s   F0_Hz
29.647472   182.774042
29.662472   183.123746
29.677472   183.414982
29.692472   183.123403
29.707472   182.280319
END PITCH
0.16697812002476198	NONE
Time_s   F0_Hz
29.711015   182.058588
29.726015   181.734066
29.741015   182.571094
29.756015   182.539725
29.771015   181.997000
29.786015   181.711983
29.801015   181.614358
29.816015   181.101689
29.831015   179.854323
29.846015   179.108935
29.861015   179.373165
29.876015   181.284649
END PITCH
0.1146498162070877	NONE
Time_s   F0_Hz
29.881831   181.696767
29.896831   181.425319
29.911831   181.069890
29.926831   180.749076
29.941831   180.617722
29.956831   179.747237
29.971831   178.508509
29.986831   178.045006
END PITCH
0.26039969983246536	NONE
Time_s   F0_Hz
29.994348   177.150311
30.009348   174.260738
30.024348   175.868947
30.039348   179.230664
30.054348   178.164475
30.069348   177.979747
30.084348   178.590053
30.099348   178.819371
30.114348   181.911598
30.129348   184.152157
30.144348   189.082778
30.159348   190.176394
30.174348   183.376224
30.189348   182.424052
30.204348   185.714216
30.219348   --undefined--
30.234348   --undefined--
30.249348   --undefined--
END PITCH
0.2968228556335184	NONE
Time_s   F0_Hz
30.257954   217.791700
30.272954   217.974361
30.287954   226.120117
30.302954   242.810107
30.317954   246.184850
30.332954   --undefined--
30.347954   --undefined--
30.362954   --undefined--
30.377954   --undefined--
30.392954   --undefined--
30.407954   --undefined--
30.422954   --undefined--
30.437954   --undefined--
30.452954   --undefined--
30.467954   --undefined--
30.482954   --undefined--
30.497954   --undefined--
30.512954   --undefined--
30.527954   --undefined--
30.542954   --undefined--
END PITCH
0.3201276283269294	NONE
Time_s   F0_Hz
30.551434   --undefined--
30.566434   --undefined--
30.581434   --undefined--
30.596434   --undefined--
30.611434   --undefined--
30.626434   --undefined--
30.641434   --undefined--
30.656434   --undefined--
30.671434   --undefined--
30.686434   --undefined--
30.701434   --undefined--
30.716434   --undefined--
30.731434   --undefined--
30.746434   --undefined--
30.761434   --undefined--
30.776434   --undefined--
30.791434   --undefined--
30.806434   --undefined--
30.821434   --undefined--
30.836434   --undefined--
30.851434   --undefined--
30.866434   --undefined--
END PITCH
0.2603441167025622	NONE
Time_s   F0_Hz
32.167670   --undefined--
32.182670   --undefined--
32.197670   214.751889
32.212670   207.373341
32.227670   203.486080
32.242670   203.667154
32.257670   210.749305
32.272670   213.020689
32.287670   205.551115
32.302670   202.476400
32.317670   199.398344
32.332670   190.891941
32.347670   191.078709
32.362670   187.523090
32.377670   186.358684
32.392670   184.628641
32.407670   183.172919
32.422670   184.315425
END PITCH
0.2676558832974365	NONE
Time_s   F0_Hz
32.431672   185.079807
32.446672   182.349883
32.461672   177.321104
32.476672   176.630250
32.491672   175.244457
32.506672   173.680895
32.521672   172.725311
32.536672   173.412405
32.551672   174.450421
32.566672   181.649083
32.581672   186.341760
32.596672   186.228654
32.611672   186.364326
32.626672   186.201504
32.641672   183.949917
32.656672   182.487598
32.671672   180.851622
32.686672   180.090784
END PITCH
0.12860452949109913	NONE
Time_s   F0_Hz
32.697302   179.202116
32.712302   180.437267
32.727302   182.223682
32.742302   183.832632
32.757302   184.427518
32.772302   185.198660
32.787302   186.222189
32.802302   187.690921
32.817302   188.638764
END PITCH
0.1967149906343053	NONE
Time_s   F0_Hz
32.822466   188.282316
32.837466   185.463578
32.852466   186.250757
32.867466   186.098761
32.882466   182.772020
32.897466   --undefined--
32.912466   --undefined--
32.927466   100.429896
32.942466   97.318838
32.957466   97.052043
32.972466   --undefined--
32.987466   --undefined--
33.002466   --undefined--
33.017466   --undefined--
END PITCH
0.3946804798745944	NONE
Time_s   F0_Hz
33.020658   --undefined--
33.035658   --undefined--
33.050658   --undefined--
33.065658   --undefined--
33.080658   --undefined--
33.095658   108.656001
33.110658   108.670625
33.125658   107.545892
33.140658   107.338405
33.155658   107.639885
33.170658   107.890603
33.185658   108.084876
33.200658   108.486170
33.215658   109.716940
33.230658   111.059937
33.245658   112.168742
33.260658   111.991381
33.275658   111.851019
33.290658   227.225223
33.305658   230.870289
33.320658   239.625372
33.335658   243.094770
33.350658   240.583377
33.365658   239.534970
33.380658   --undefined--
33.395658   --undefined--
33.410658   --undefined--
END PITCH
0.08523225230813836	NONE
Time_s   F0_Hz
33.534915   --undefined--
33.549915   --undefined--
33.564915   --undefined--
33.579915   225.333748
33.594915   225.889250
33.609915   228.633162
END PITCH
0.10737900335607975	NONE
Time_s   F0_Hz
33.616219   227.944140
33.631219   225.188301
33.646219   225.082971
33.661219   224.307081
33.676219   230.642603
33.691219   230.877306
33.706219   225.154741
33.721219   227.559114
END PITCH
0.13996444792615392	NONE
Time_s   F0_Hz
33.724881   227.638214
33.739881   227.699704
33.754881   228.860354
33.769881   228.171882
33.784881   227.343279
33.799881   226.091777
33.814881   226.764279
33.829881   225.778337
33.844881   224.010557
33.859881   225.772390
END PITCH
0.3523887242298045	NONE
Time_s   F0_Hz
33.866060   225.905461
33.881060   224.737877
33.896060   225.063605
33.911060   225.580169
33.926060   226.665255
33.941060   230.686965
33.956060   229.595750
33.971060   228.152755
33.986060   231.723808
34.001060   230.825886
34.016060   240.813171
34.031060   244.139119
34.046060   244.711446
34.061060   247.236145
34.076060   251.101350
34.091060   255.923554
34.106060   256.186587
34.121060   257.341363
34.136060   261.714919
34.151060   259.322638
34.166060   258.939275
34.181060   --undefined--
34.196060   --undefined--
34.211060   --undefined--
END PITCH
0.21461896805802638	NONE
Time_s   F0_Hz
35.047302   258.776874
35.062302   255.213878
35.077302   253.077804
35.092302   251.317085
35.107302   244.481319
35.122302   237.056234
35.137302   --undefined--
35.152302   --undefined--
35.167302   --undefined--
35.182302   --undefined--
35.197302   --undefined--
35.212302   --undefined--
35.227302   --undefined--
35.242302   225.059120
35.257302   224.548587
END PITCH
0.29738103194197407	NONE
Time_s   F0_Hz
35.265811   229.696001
35.280811   229.317726
35.295811   223.977525
35.310811   --undefined--
35.325811   --undefined--
35.340811   --undefined--
35.355811   --undefined--
35.370811   262.566125
35.385811   266.994182
35.400811   284.588892
35.415811   315.678172
35.430811   333.935200
35.445811   331.554392
35.460811   --undefined--
35.475811   --undefined--
35.490811   --undefined--
35.505811   --undefined--
35.520811   --undefined--
35.535811   --undefined--
35.550811   --undefined--
END PITCH
0.29299773242630067	NONE
Time_s   F0_Hz
35.912999   --undefined--
35.927999   291.726117
35.942999   292.582191
35.957999   289.164311
35.972999   304.890862
35.987999   322.224545
36.002999   334.894299
36.017999   335.543739
36.032999   --undefined--
36.047999   --undefined--
36.062999   --undefined--
36.077999   --undefined--
36.092999   --undefined--
36.107999   --undefined--
36.122999   --undefined--
36.137999   --undefined--
36.152999   --undefined--
36.167999   --undefined--
END PITCH
