#Each entry contains the duration of a syllable (in seconds), an optional label, and a pitch time series.
0	NONE
Time_s   F0_Hz
0   --undefined--
END PITCH
0.32785394050321875	NONE
Time_s   F0_Hz
0.277704   --undefined--
0.292704   --undefined--
0.307704   --undefined--
0.322704   --undefined--
0.337704   --undefined--
0.352704   --undefined--
0.367704   --undefined--
0.382704   208.163565
0.397704   200.092038
0.412704   187.754124
0.427704   180.318504
0.442704   179.895253
0.457704   179.203144
0.472704   180.061476
0.487704   181.873780
0.502704   182.273610
0.517704   181.385905
0.532704   181.612052
0.547704   183.522645
0.562704   --undefined--
0.577704   --undefined--
0.592704   --undefined--
END PITCH
0.19219024098464543	NONE
Time_s   F0_Hz
0.605227   --undefined--
0.620227   --undefined--
0.635227   102.024274
0.650227   98.010190
0.665227   96.400373
0.680227   96.455666
0.695227   95.387375
0.710227   93.742138
0.725227   --undefined--
0.740227   190.331503
0.755227   195.440984
0.770227   195.865262
0.785227   198.531707
END PITCH
0.18733417231601113	NONE
Time_s   F0_Hz
0.794989   --undefined--
0.809989   --undefined--
0.824989   --undefined--
0.839989   --undefined--
0.854989   --undefined--
0.869989   --undefined--
0.884989   248.540392
0.899989   254.922859
0.914989   257.729191
0.929989   261.898519
0.944989   --undefined--
0.959989   --undefined--
0.974989   --undefined--
END PITCH
0.10740042878553713	NONE
Time_s   F0_Hz
0.979858   --undefined--
0.994858   --undefined--
1.009858   --undefined--
1.024858   --undefined--
1.039858   --undefined--
1.054858   --undefined--
1.069858   --undefined--
1.084858   --undefined--
END PITCH
0.09986355659006074	NONE
Time_s   F0_Hz
1.253912   337.079877
1.268912   333.567090
1.283912   325.703693
1.298912   314.054702
1.313912   310.597519
1.328912   314.871027
1.343912   --undefined--
END PITCH
0.11257363244173124	NONE
Time_s   F0_Hz
1.621287   305.450567
1.636287   295.467568
1.651287   286.482604
1.666287   282.898378
1.681287   278.072078
1.696287   269.457998
1.711287   --undefined--
1.726287   --undefined--
END PITCH
0.2784915610568799	NONE
Time_s   F0_Hz
4.853741   234.049721
4.868741   223.709743
4.883741   214.680483
4.898741   210.705641
4.913741   209.682760
4.928741   211.729760
4.943741   222.342312
4.958741   233.563612
4.973741   --undefined--
4.988741   --undefined--
5.003741   --undefined--
5.018741   --undefined--
5.033741   --undefined--
5.048741   --undefined--
5.063741   221.809198
5.078741   226.664082
5.093741   230.978898
5.108741   --undefined--
5.123741   --undefined--
END PITCH
0.23350843894312057	NONE
Time_s   F0_Hz
5.132239   --undefined--
5.147239   --undefined--
5.162239   407.664617
5.177239   404.613494
5.192239   396.037318
5.207239   392.298859
5.222239   393.938811
5.237239   393.846381
5.252239   393.272135
5.267239   392.253305
5.282239   393.273427
5.297239   --undefined--
5.312239   --undefined--
5.327239   --undefined--
5.342239   --undefined--
5.357239   --undefined--
END PITCH
0.4479999999999995	NONE
Time_s   F0_Hz
5.367999   --undefined--
5.382999   --undefined--
5.397999   --undefined--
5.412999   --undefined--
5.427999   --undefined--
5.442999   --undefined--
5.457999   --undefined--
5.472999   244.383764
5.487999   241.560353
5.502999   235.242385
5.517999   225.254764
5.532999   217.301217
5.547999   214.453376
5.562999   216.020401
5.577999   214.809712
5.592999   211.748509
5.607999   207.908212
5.622999   202.346256
5.637999   193.826704
5.652999   189.137639
5.667999   185.369341
5.682999   189.712606
5.697999   199.281445
5.712999   209.307508
5.727999   219.657387
5.742999   --undefined--
5.757999   298.030705
5.772999   311.283940
5.787999   --undefined--
5.802999   --undefined--
END PITCH
0.32822189251857115	NONE
Time_s   F0_Hz
6.376105   225.202160
6.391105   218.947782
6.406105   214.044757
6.421105   212.235948
6.436105   196.801860
6.451105   186.679934
6.466105   --undefined--
6.481105   --undefined--
6.496105   208.528959
6.511105   219.892746
6.526105   231.991227
6.541105   252.688353
6.556105   269.306581
6.571105   280.315578
6.586105   293.733457
6.601105   315.722109
6.616105   345.922812
6.631105   378.653361
6.646105   387.747468
6.661105   382.855524
6.676105   --undefined--
6.691105   --undefined--
END PITCH
0.4701124031928332	NONE
Time_s   F0_Hz
6.700266   --undefined--
6.715266   378.898636
6.730266   373.507394
6.745266   361.893783
6.760266   349.330786
6.775266   341.545587
6.790266   333.534647
6.805266   326.976319
6.820266   320.257291
6.835266   315.543023
6.850266   310.468961
6.865266   307.494167
6.880266   303.855536
6.895266   301.750660
6.910266   299.098947
6.925266   296.193762
6.940266   294.892379
6.955266   293.193937
6.970266   291.648523
6.985266   290.893974
7.000266   291.415282
7.015266   290.748002
7.030266   290.314736
7.045266   290.728864
7.060266   290.869870
7.075266   288.144191
7.090266   288.399969
7.105266   288.925649
7.120266   292.190600
7.135266   297.355926
7.150266   --undefined--
7.165266   --undefined--
END PITCH
0.20002865703597017	NONE
Time_s   F0_Hz
7.540017   216.113740
7.555017   211.178304
7.570017   207.473993
7.585017   206.173633
7.600017   208.215274
7.615017   213.220379
7.630017   219.063593
7.645017   224.462383
7.660017   229.785266
7.675017   237.532787
7.690017   244.020503
7.705017   245.592131
7.720017   239.923452
7.735017   236.826844
END PITCH
0.1375479175674421	NONE
Time_s   F0_Hz
7.738804   117.477726
7.753804   116.295893
7.768804   120.309793
7.783804   123.230782
7.798804   118.937591
7.813804   115.423149
7.828804   114.217236
7.843804   113.932412
7.858804   114.597890
7.873804   116.590180
END PITCH
0.22422194781541904	NONE
Time_s   F0_Hz
8.837540   --undefined--
8.852540   236.771769
8.867540   230.517366
8.882540   228.395879
8.897540   225.422280
8.912540   224.861822
8.927540   227.547717
8.942540   234.351749
8.957540   260.978527
8.972540   266.866868
8.987540   257.566538
9.002540   --undefined--
9.017540   --undefined--
9.032540   --undefined--
9.047540   --undefined--
END PITCH
0.19177918894552448	NONE
Time_s   F0_Hz
9.060533   199.734559
9.075533   198.269486
9.090533   200.898005
9.105533   200.089177
9.120533   199.109473
9.135533   195.716972
9.150533   187.013913
9.165533   182.903614
9.180533   177.843836
9.195533   --undefined--
9.210533   --undefined--
9.225533   --undefined--
9.240533   --undefined--
END PITCH
0.25756239984029605	NONE
Time_s   F0_Hz
10.079529   --undefined--
10.094529   220.958936
10.109529   216.147244
10.124529   217.444031
10.139529   221.235830
10.154529   223.100368
10.169529   224.671418
10.184529   223.967628
10.199529   223.493559
10.214529   228.606036
10.229529   264.587853
10.244529   285.460118
10.259529   280.283231
10.274529   272.353881
10.289529   270.034806
10.304529   263.509161
10.319529   239.177184
10.334529   224.727464
END PITCH
0.10551621073666695	NONE
Time_s   F0_Hz
10.336071   223.602344
10.351071   223.758898
10.366071   235.676463
10.381071   246.400941
10.396071   262.182697
10.411071   264.610519
10.426071   259.585623
10.441071   249.731345
END PITCH
0.2025534402534266	NONE
Time_s   F0_Hz
10.445108   249.110510
10.460108   250.745079
10.475108   252.308521
10.490108   253.709941
10.505108   249.520650
10.520108   242.525697
10.535108   238.885179
10.550108   236.009275
10.565108   232.130410
10.580108   226.543826
10.595108   219.261106
10.610108   212.661924
10.625108   207.534571
10.640108   200.133096
END PITCH
0.2600220907439308	NONE
Time_s   F0_Hz
10.646389   197.628253
10.661389   198.626473
10.676389   200.068579
10.691389   201.753052
10.706389   198.318192
10.721389   192.881654
10.736389   192.695601
10.751389   192.314502
10.766389   191.124798
10.781389   96.336542
10.796389   97.034276
10.811389   95.054242
10.826389   94.776458
10.841389   --undefined--
10.856389   --undefined--
10.871389   --undefined--
10.886389   --undefined--
10.901389   --undefined--
END PITCH
0.31749074123443854	NONE
Time_s   F0_Hz
11.325119   418.967342
11.340119   428.111959
11.355119   433.943484
11.370119   440.305277
11.385119   452.100939
11.400119   462.290178
11.415119   472.147062
11.430119   481.746698
11.445119   485.731926
11.460119   486.869821
11.475119   487.434801
11.490119   486.051251
11.505119   474.942688
11.520119   459.549392
11.535119   445.106937
11.550119   435.956156
11.565119   444.515658
11.580119   445.465542
11.595119   --undefined--
11.610119   --undefined--
11.625119   396.926745
11.640119   384.619934
END PITCH
0.363078610576963	NONE
Time_s   F0_Hz
11.642902   382.911357
11.657902   369.246441
11.672902   349.900462
11.687902   340.415543
11.702902   328.609122
11.717902   314.108232
11.732902   305.714022
11.747902   302.842214
11.762902   289.020542
11.777902   275.261325
11.792902   267.907427
11.807902   267.323293
11.822902   265.350184
11.837902   257.789241
11.852902   251.163412
11.867902   244.751053
11.882902   244.012949
11.897902   236.228448
11.912902   234.145713
11.927902   114.930854
11.942902   114.393020
11.957902   113.334819
11.972902   112.833283
11.987902   113.250566
12.002902   114.335046
END PITCH
0.3092045267339554	NONE
Time_s   F0_Hz
12.009048   228.764783
12.024048   230.709331
12.039048   232.728063
12.054048   234.405629
12.069048   235.735074
12.084048   237.532985
12.099048   237.312136
12.114048   235.421844
12.129048   234.301198
12.144048   232.433167
12.159048   230.687280
12.174048   227.006178
12.189048   224.006456
12.204048   221.184012
12.219048   218.365494
12.234048   217.845629
12.249048   221.325442
12.264048   --undefined--
12.279048   --undefined--
12.294048   --undefined--
12.309048   --undefined--
END PITCH
0.6943431536061588	NONE
Time_s   F0_Hz
12.691667   405.659451
12.706667   412.911647
12.721667   421.819328
12.736667   431.027548
12.751667   434.085111
12.766667   433.677926
12.781667   435.202037
12.796667   440.222143
12.811667   447.603948
12.826667   455.178602
12.841667   461.078653
12.856667   467.733955
12.871667   470.372206
12.886667   477.167422
12.901667   480.346490
12.916667   478.831040
12.931667   472.851623
12.946667   466.577238
12.961667   461.373826
12.976667   451.099385
12.991667   440.093445
13.006667   428.251973
13.021667   417.982194
13.036667   405.624382
13.051667   385.728484
13.066667   357.974299
13.081667   343.388175
13.096667   325.544186
13.111667   308.108960
13.126667   295.689809
13.141667   284.238068
13.156667   275.385407
13.171667   271.246390
13.186667   267.772915
13.201667   263.866638
13.216667   --undefined--
13.231667   --undefined--
13.246667   239.023707
13.261667   239.229164
13.276667   236.053196
13.291667   225.591863
13.306667   221.527934
13.321667   217.803785
13.336667   215.746464
13.351667   212.865839
13.366667   207.804844
13.381667   --undefined--
END PITCH
0.1890384551681219	NONE
Time_s   F0_Hz
14.182018   --undefined--
14.197018   510.748518
14.212018   513.876216
14.227018   520.691227
14.242018   525.651962
14.257018   521.553223
14.272018   505.541901
14.287018   483.737461
14.302018   465.341709
14.317018   444.145625
14.332018   412.190597
14.347018   384.052006
14.362018   342.050599
END PITCH
0.19972711318012237	NONE
Time_s   F0_Hz
14.368895   330.134602
14.383895   296.778044
14.398895   271.836284
14.413895   247.094818
14.428895   225.934249
14.443895   204.383632
14.458895   --undefined--
14.473895   --undefined--
14.488895   --undefined--
14.503895   --undefined--
14.518895   --undefined--
14.533895   --undefined--
14.548895   --undefined--
14.563895   --undefined--
END PITCH
0.5232344316517548	NONE
Time_s   F0_Hz
14.572880   --undefined--
14.587880   --undefined--
14.602880   --undefined--
14.617880   --undefined--
14.632880   --undefined--
14.647880   --undefined--
14.662880   89.164969
14.677880   91.185962
14.692880   --undefined--
14.707880   --undefined--
14.722880   --undefined--
14.737880   --undefined--
14.752880   --undefined--
14.767880   --undefined--
14.782880   --undefined--
14.797880   --undefined--
14.812880   --undefined--
14.827880   --undefined--
14.842880   --undefined--
14.857880   --undefined--
14.872880   --undefined--
14.887880   --undefined--
14.902880   --undefined--
14.917880   --undefined--
14.932880   --undefined--
14.947880   --undefined--
14.962880   --undefined--
14.977880   --undefined--
14.992880   --undefined--
15.007880   137.755882
15.022880   136.196716
15.037880   --undefined--
15.052880   --undefined--
15.067880   --undefined--
15.082880   --undefined--
END PITCH
0.042806685306388204	NONE
Time_s   F0_Hz
15.095907   358.409488
15.110907   358.208218
15.125907   352.474030
END PITCH
0.14919331469361197	NONE
Time_s   F0_Hz
15.139405   338.809777
15.154405   309.132476
15.169405   --undefined--
15.184405   --undefined--
15.199405   211.135291
15.214405   198.207320
15.229405   --undefined--
15.244405   --undefined--
15.259405   --undefined--
15.274405   --undefined--
END PITCH
0.3896930472829432	NONE
Time_s   F0_Hz
15.288849   --undefined--
15.303849   --undefined--
15.318849   --undefined--
15.333849   --undefined--
15.348849   --undefined--
15.363849   --undefined--
15.378849   --undefined--
15.393849   --undefined--
15.408849   --undefined--
15.423849   --undefined--
15.438849   --undefined--
15.453849   --undefined--
15.468849   --undefined--
15.483849   --undefined--
15.498849   --undefined--
15.513849   --undefined--
15.528849   --undefined--
15.543849   --undefined--
15.558849   --undefined--
15.573849   --undefined--
15.588849   --undefined--
15.603849   --undefined--
15.618849   --undefined--
15.633849   --undefined--
15.648849   --undefined--
15.663849   --undefined--
END PITCH
0.29830695271705565	NONE
Time_s   F0_Hz
15.677851   --undefined--
15.692851   --undefined--
15.707851   --undefined--
15.722851   211.842358
15.737851   213.261927
15.752851   217.590824
15.767851   225.704921
15.782851   234.011762
15.797851   241.724563
15.812851   257.264728
15.827851   276.459061
15.842851   288.046551
15.857851   317.051037
15.872851   339.520299
15.887851   352.896413
15.902851   364.808897
15.917851   --undefined--
15.932851   --undefined--
15.947851   --undefined--
15.962851   --undefined--
END PITCH
0.11467791045740228	NONE
Time_s   F0_Hz
16.848554   --undefined--
16.863554   --undefined--
16.878554   --undefined--
16.893554   --undefined--
16.908554   --undefined--
16.923554   107.291466
16.938554   106.247095
16.953554   103.579788
END PITCH
0.34669612099191127	NONE
Time_s   F0_Hz
16.959246   --undefined--
16.974246   --undefined--
16.989246   --undefined--
17.004246   --undefined--
17.019246   --undefined--
17.034246   --undefined--
17.049246   --undefined--
17.064246   --undefined--
17.079246   --undefined--
17.094246   226.943534
17.109246   214.590335
17.124246   208.105440
17.139246   204.845713
17.154246   202.295357
17.169246   198.666254
17.184246   201.820327
17.199246   204.434473
17.214246   --undefined--
17.229246   --undefined--
17.244246   --undefined--
17.259246   --undefined--
17.274246   --undefined--
17.289246   --undefined--
17.304246   --undefined--
END PITCH
0.3580014292851246	NONE
Time_s   F0_Hz
17.311604   --undefined--
17.326604   --undefined--
17.341604   --undefined--
17.356604   --undefined--
17.371604   --undefined--
17.386604   --undefined--
17.401604   --undefined--
17.416604   --undefined--
17.431604   --undefined--
17.446604   --undefined--
17.461604   --undefined--
17.476604   234.276383
17.491604   245.536653
17.506604   252.401465
17.521604   251.142326
17.536604   249.273125
17.551604   243.339937
17.566604   226.034476
17.581604   194.778698
17.596604   --undefined--
17.611604   --undefined--
17.626604   --undefined--
17.641604   --undefined--
17.656604   --undefined--
END PITCH
0.7426143846492934	NONE
Time_s   F0_Hz
17.666910   --undefined--
17.681910   228.045305
17.696910   233.148330
17.711910   235.966966
17.726910   234.221412
17.741910   230.120606
17.756910   224.962570
17.771910   219.161965
17.786910   213.185856
17.801910   212.893146
17.816910   213.002356
17.831910   206.309807
17.846910   197.125937
17.861910   197.155002
17.876910   205.798828
17.891910   205.909674
17.906910   --undefined--
17.921910   --undefined--
17.936910   --undefined--
17.951910   --undefined--
17.966910   --undefined--
17.981910   --undefined--
17.996910   --undefined--
18.011910   --undefined--
18.026910   --undefined--
18.041910   --undefined--
18.056910   --undefined--
18.071910   --undefined--
18.086910   --undefined--
18.101910   --undefined--
18.116910   --undefined--
18.131910   --undefined--
18.146910   --undefined--
18.161910   --undefined--
18.176910   --undefined--
18.191910   --undefined--
18.206910   --undefined--
18.221910   --undefined--
18.236910   --undefined--
18.251910   --undefined--
18.266910   --undefined--
18.281910   --undefined--
18.296910   --undefined--
18.311910   --undefined--
18.326910   --undefined--
18.341910   --undefined--
18.356910   --undefined--
18.371910   --undefined--
18.386910   --undefined--
18.401910   --undefined--
END PITCH
0.15639009805613568	NONE
Time_s   F0_Hz
18.408912   --undefined--
18.423912   --undefined--
18.438912   --undefined--
18.453912   268.548034
18.468912   275.792219
18.483912   278.403442
18.498912   284.210189
18.513912   294.570058
18.528912   302.342203
18.543912   302.327202
18.558912   297.436473
END PITCH
0.16957962439821728	NONE
Time_s   F0_Hz
18.564393   295.819228
18.579393   295.073032
18.594393   305.366761
18.609393   309.447773
18.624393   312.888497
18.639393   318.323686
18.654393   321.210621
18.669393   322.140984
18.684393   320.155213
18.699393   315.862185
18.714393   311.090029
18.729393   309.305983
END PITCH
0.2709363278411807	NONE
Time_s   F0_Hz
18.732143   308.878282
18.747143   303.429462
18.762143   299.330765
18.777143   304.895797
18.792143   306.697768
18.807143   --undefined--
18.822143   --undefined--
18.837143   --undefined--
18.852143   --undefined--
18.867143   --undefined--
18.882143   292.391399
18.897143   287.288933
18.912143   284.245961
18.927143   281.815271
18.942143   279.373506
18.957143   277.058620
18.972143   274.681247
18.987143   272.351098
19.002143   270.856031
END PITCH
0.38814891806703145	NONE
Time_s   F0_Hz
19.009189   269.220851
19.024189   262.094503
19.039189   268.646424
19.054189   272.686112
19.069189   268.754536
19.084189   268.908218
19.099189   269.259732
19.114189   --undefined--
19.129189   --undefined--
19.144189   --undefined--
19.159189   --undefined--
19.174189   229.097514
19.189189   224.219344
19.204189   218.381066
19.219189   214.986353
19.234189   222.915310
19.249189   229.960895
19.264189   232.420413
19.279189   226.484267
19.294189   222.287620
19.309189   218.975995
19.324189   215.689865
19.339189   215.015954
19.354189   219.094294
19.369189   224.104691
19.384189   --undefined--
END PITCH
